,class1,class2,class3,class4,class5
0,6.1333100581111e-37,0.8290635337594476,0.17093640318183953,6.305871198416212e-08,2.3043469178524432e-57
1,1.1981994521410479e-40,0.9935540227905381,0.006445977148669279,6.079522706971749e-11,4.023800694969579e-63
2,6.192333165314319e-31,0.9796205917741726,0.02037915222607229,2.559997539360797e-07,2.7500428910684687e-54
3,2.0268211803859198e-42,0.9963656580526289,0.003634341942345738,5.024163599655939e-12,3.617120616114035e-65
4,2.2739900679738437e-39,0.9981702179802658,0.0018297820137068953,6.026681835925982e-12,8.331702152059514e-63
5,5.5847324059563204e-42,0.99551679370445,0.00448320627856899,1.6981547772907784e-11,1.5809195107426618e-64
6,3.589616409277448e-37,0.9713862260143884,0.028613773044250668,9.413636595641742e-10,4.3486915702040546e-60
7,1.7998482889458891e-41,0.9970655595342727,0.0029344404282368964,3.748949227593952e-11,7.136215767305697e-63
8,4.5104030272145355e-41,0.9928110612500288,0.007188938737739472,1.2231993120523094e-11,3.09522850685676e-63
9,1.2959465623060402e-37,0.9973084515441928,0.002691548383117807,7.268638912244134e-11,5.340939388137837e-60
10,2.0268211803859198e-42,0.9963656580526289,0.003634341942345738,5.024163599655939e-12,3.617120616114035e-65
11,7.143864227765331e-41,0.9986708332928356,0.0013291666840504189,2.3115437575324026e-11,1.7858210736891932e-63
12,6.537174407663006e-40,0.9945357031212093,0.005464296631081895,2.4770558340188597e-10,2.2781058394913735e-61
13,4.194630740353062e-40,0.9945892955425757,0.005410704093076719,3.6434953767950765e-10,1.2260242219976741e-61
14,3.766175235828961e-38,0.9465382274490568,0.05346176907135566,3.4795858466099466e-09,1.7548670867359441e-59
15,2.873645662326845e-40,0.9985286843383233,0.0014713156413239585,2.035278757356379e-11,2.372985580624789e-62
16,8.30263050911671e-38,0.9673068490252238,0.03269312305116167,2.7923612366158358e-08,1.3446614202272832e-59
17,4.0807609364143625e-41,0.992473048671965,0.007526951271854595,5.618148543887672e-11,3.698240659300982e-63
18,2.532431889955691e-40,0.9980400260376187,0.001959973957413611,4.9660828690833086e-12,1.332360416529544e-62
19,3.216252342789522e-39,0.8854822702339028,0.11451772846041887,1.3056759764289553e-09,1.0800838198506022e-61
20,1.225166998981906e-40,0.9888098225876988,0.011190177385084623,2.721698662505709e-11,5.366560793416043e-63
21,3.3421844872922907e-40,0.989647283153816,0.010352716763186094,8.3001118422022e-11,3.5932248033247307e-62
22,7.72816906924278e-42,0.9953030844767473,0.00469691551751861,5.734864469082157e-12,2.1607313576836662e-64
23,5.3569230063077424e-39,0.9678570996272182,0.03214290002428792,3.484954347065268e-10,5.981780655689076e-61
24,2.4366259642845437e-35,0.9794106331042687,0.020589364923678133,1.9720507166676805e-09,3.7675236086931064e-58
25,2.9433160906467045e-40,0.9957051198595042,0.004294880102621029,3.787209320652762e-11,6.751715900574728e-63
26,9.628165216697436e-41,0.9959001778132343,0.004099822131486767,5.527853977853905e-11,1.7741446070551795e-62
27,2.0268211803859198e-42,0.9963656580526289,0.003634341942345738,5.024163599655939e-12,3.617120616114035e-65
28,2.0268211803859198e-42,0.9963656580526289,0.003634341942345738,5.024163599655939e-12,3.617120616114035e-65
29,9.815648797292548e-42,0.9931220656767663,0.00687793430114175,2.209036277790778e-11,1.342991145087341e-64
30,3.2603854313617564e-38,0.9877285818318265,0.012271417411893557,7.56277969913824e-10,2.7508749805206613e-60
31,2.5673326035236008e-42,0.9963756612821542,0.003624338710691181,7.153338337213968e-12,4.405511646709439e-65
32,3.195331895037341e-42,0.9954246427617924,0.0045753572334332835,4.7727377140448705e-12,8.933880408093023e-65
33,9.322894186211961e-39,0.9890494352816794,0.010950564635694408,8.262458827765705e-11,1.5898807777779628e-60
34,2.2899383760886115e-40,0.9209999345936357,0.07900006535549522,5.087079737374574e-11,1.0030545646975603e-62
35,1.94003370054705e-41,0.9960885191890457,0.003911480796558256,1.4396463429311672e-11,5.4241717723519005e-64
36,1.0724293353139875e-39,0.9019908055917903,0.098009193731867,6.763438321470501e-10,1.5226472561740952e-61
37,3.683492402650238e-42,0.9990450661571815,0.0009549338410609826,1.7559201939638005e-12,3.286830737181569e-65
38,2.0268211803859198e-42,0.9963656580526289,0.003634341942345738,5.024163599655939e-12,3.617120616114035e-65
39,1.5626025102298168e-41,0.9866747103124133,0.01332528967352443,1.4063822185068248e-11,6.844619038923913e-64
40,4.784109180695315e-41,0.9985751598163052,0.0014248401753585807,8.334535703066082e-12,2.1678294031761013e-63
41,5.682997838760476e-41,0.9924732744060278,0.007526725589942769,4.0291704643592574e-12,7.94459303739136e-64
42,1.2243997371050324e-40,0.9859872724556216,0.014012727517180084,2.7199941963996272e-11,5.363199980147213e-63
43,2.0268211803859198e-42,0.9963656580526289,0.003634341942345738,5.024163599655939e-12,3.617120616114035e-65
44,1.923033058083063e-41,0.9983666375459269,0.001633362447909594,6.1622093797052734e-12,1.3821990941712417e-63
45,4.626290844754872e-40,0.9760148666888808,0.023985133185653873,1.2546275231977966e-10,3.174755607713152e-62
46,9.385067295346961e-41,0.9966418707276773,0.0033581292488889026,2.343475581963349e-11,3.952799765306111e-63
47,5.08353375057292e-41,0.9875475462179418,0.012452453589109793,1.9294940724756654e-10,1.0916349889635307e-62
48,1.4744710886723122e-39,0.9856435872723862,0.014356412481818156,2.457965611097479e-10,5.095358073410213e-61
49,6.170928268784742e-41,0.9971953786341643,0.002804621280878509,8.49576640433417e-11,5.59248095755939e-63
50,4.508915335891024e-38,0.9680739884528382,0.031926011107883005,4.3928180930006955e-10,2.372225819320781e-60
51,8.842118535301317e-40,0.9904697602238957,0.009530239744904382,3.119756165511148e-11,7.476438460540538e-62
52,3.9189830369458465e-40,0.9982251758808994,0.0017748241144286167,4.669964596884298e-12,1.0044052703511699e-63
53,1.3206767557605383e-41,0.9990367546946876,0.0009632452962426328,9.070323256119122e-12,9.063040083355031e-64
54,2.1844476639859165e-39,0.9838520074613274,0.016147992445354156,9.332178781663074e-11,4.784233985472182e-62
55,2.0268211803859198e-42,0.9963656580526289,0.003634341942345738,5.024163599655939e-12,3.617120616114035e-65
56,1.447065582055513e-35,0.9102775751402157,0.08972216615355245,2.587062298341962e-07,5.982352417317631e-57
57,1.94003370054705e-41,0.9960885191890457,0.003911480796558256,1.4396463429311672e-11,5.4241717723519005e-64
58,4.360145595920085e-40,0.9986907911242646,0.0013092088671855994,8.55021785047361e-12,2.293955239369215e-62
59,3.659949434753144e-42,0.9986235632712323,0.0013764367260278138,2.738192877704241e-12,3.47509846530222e-64
60,1.99322928243056e-41,0.9968193442029316,0.0031806557630600497,3.4008994317142076e-11,2.438144697104822e-63
61,4.80508279867169e-41,0.9981893841437159,0.0018106158297830485,2.6501984128609386e-11,1.5833646483446396e-63
62,2.7998152541824e-39,0.9940710338046677,0.005928966179039304,1.62954973780018e-11,3.6299812569408034e-61
63,2.5327782001110855e-38,0.9992554391236688,0.0007445608600690224,1.626304767960301e-11,1.8671357713475185e-62
64,1.1860735869203353e-40,0.9999536805229523,4.631946558410551e-05,1.1460098166379756e-11,2.418806338343614e-62
65,8.201868094883686e-41,0.996272338145517,0.003727661836263601,1.8220384194516534e-11,3.5926387004668883e-63
66,9.061484665273855e-43,0.9969680467047499,0.0030319532903573965,4.894030247169246e-12,8.143441821730052e-65
67,1.9422082864510545e-38,0.9935050086274885,0.006494991017953121,3.5455816160524674e-10,2.9613531251414314e-60
68,3.750254056218437e-41,0.9940763211703074,0.005923678778835011,5.085665382111532e-11,8.038803832093286e-64
69,6.093304923043011e-41,0.990189672079934,0.009810327865225272,5.484130250403464e-11,2.669031350787675e-63
70,3.4301549813671514e-40,0.9702968959984949,0.029703103810494444,1.9100954865784707e-10,7.566161157632299e-62
71,3.361207107412581e-38,0.9665189460709938,0.03348104570688358,8.222120291893194e-09,1.768394766878664e-60
72,3.657590582171533e-39,0.9982750515696203,0.001724948412146288,1.8235152849498497e-11,1.491570369852234e-61
73,1.455203416497015e-42,0.9979163117590912,0.0020836882353683058,5.540493832858335e-12,4.0686268968253686e-65
74,2.0268211803859198e-42,0.9963656580526289,0.003634341942345738,5.024163599655939e-12,3.617120616114035e-65
75,2.0268211803859198e-42,0.9963656580526289,0.003634341942345738,5.024163599655939e-12,3.617120616114035e-65
76,7.230028760468669e-40,0.9671402879131491,0.03285971192623709,1.606145090718037e-10,3.1669469479217164e-62
77,1.9921543560816742e-40,0.9917169031871987,0.008283096772542436,4.025827383506363e-11,1.3671002160556107e-62
78,1.0423721469950647e-39,0.9878790718575808,0.012120928067366015,7.504984289414152e-11,4.256930481103152e-62
79,4.90342666175286e-40,0.9800337067736874,0.01996629318966044,3.665396251047354e-11,3.2355171889816723e-62
80,1.735720902476649e-41,0.9992118600786674,0.0007881399183555881,2.978483854673661e-12,5.9795034024923175e-64
81,1.735720902476649e-41,0.9992118600786674,0.0007881399183555881,2.978483854673661e-12,5.9795034024923175e-64
82,2.0268211803859198e-42,0.9963656580526289,0.003634341942345738,5.024163599655939e-12,3.617120616114035e-65
83,4.558431578368686e-38,0.9733424122537453,0.02665757767241466,1.0073841508693091e-08,2.3768825009472725e-58
84,4.94965771955643e-41,0.9974566906777695,0.0025433092966910555,2.5540774544300247e-11,1.4316029492959688e-63
85,2.7660307732440173e-40,0.9991056495561467,0.0008943504372520899,6.598901651741877e-12,5.82497996403792e-63
86,2.0268211803859198e-42,0.9963656580526289,0.003634341942345738,5.024163599655939e-12,3.617120616114035e-65
87,3.7023522653685925e-40,0.9916067289837118,0.008393270934037262,8.224745864973708e-11,1.6217298153845646e-62
88,1.2068476510382698e-41,0.9976591047210016,0.002340895273245069,5.753040674038516e-12,1.0768866936372391e-64
89,7.1670357777499485e-40,0.9494834506390261,0.05051654845558552,9.053889192157838e-10,2.5076172626267048e-61
90,8.762589606025618e-41,0.9971330406008411,0.0028669593870149735,1.2143246608571885e-11,2.379819190967383e-62
91,4.095084721995678e-42,0.996292682907792,0.003707317079757116,1.2451962204403253e-11,1.800949385676588e-64
92,1.9988539476248488e-42,0.9937454053849346,0.006254594609016286,6.048762454127323e-12,5.588628257696561e-65
93,5.311666411147267e-36,0.97894637104395,0.02105360215136907,2.6804684441476675e-08,2.989101503843839e-58
94,4.915504722751044e-38,0.9953519897196564,0.004648009445335362,8.350076310171193e-10,1.3739516035943e-59
95,2.6514560918884648e-40,0.989931407669711,0.010068592279004038,5.1284706382459873e-11,2.1099387198282912e-63
96,1.7252279172381636e-38,0.9752246773986369,0.024775320010111554,2.5912517663604297e-09,1.3953390618416763e-60
97,2.0268211803859198e-42,0.9963656580526289,0.003634341942345738,5.024163599655939e-12,3.617120616114035e-65
98,2.0268211803859198e-42,0.9963656580526289,0.003634341942345738,5.024163599655939e-12,3.617120616114035e-65
99,1.0633928377967377e-38,0.9693831382388108,0.030616861720477728,4.0712854022882156e-11,5.716335431178932e-61
100,7.728169069197971e-42,0.9953030844709659,0.004696915517491327,1.1543252841547082e-11,4.470478671043496e-64
101,2.0547848364703756e-42,0.9991357535616554,0.0008642464371216482,1.2226838674766978e-12,2.8776734576954154e-64
102,9.076831871494683e-41,0.9959112867841702,0.004088713167964495,4.786495421669159e-11,3.2853317168058957e-62
103,1.646196831414121e-41,0.9931350018665459,0.006864998122342876,1.1112600971711908e-11,1.4918864765691246e-63
104,2.3098006547461788e-39,0.9702768024528692,0.029723197393523314,1.5360928064686315e-10,1.5850824834475984e-61
105,2.372192995066611e-41,0.9970341969532328,0.0029658030362513855,1.0516317023699947e-11,1.6344259108857389e-63
106,1.5080152724299917e-40,0.994526965957835,0.0054730340321377845,1.0028793641843938e-11,1.034863587984786e-62
107,7.351095135953874e-40,0.9833349910218713,0.01666500881482203,1.6330398889378853e-10,3.2199772747767315e-62
108,1.5358251807037574e-41,0.9969882118663445,0.0030117881233085214,1.0347223416716e-11,3.2920962588107026e-64
109,9.815648797292548e-42,0.9931220656767663,0.00687793430114175,2.209036277790778e-11,1.342991145087341e-64
110,2.4593922042479233e-36,0.6707668101491057,0.3292331700785591,1.9772337247314974e-08,1.3840050122182567e-58
111,8.136335602322087e-42,0.997668512507331,0.0023314874912550828,1.4130913085163728e-12,1.101542083348855e-64
112,4.92489895121505e-40,0.9975200235349883,0.0024799764534534706,1.156110999445073e-11,4.6576159459457295e-62
113,4.7817423797978216e-37,0.9992218951999385,0.0007781043754744395,4.245905810799143e-10,1.9066290555863345e-58
114,2.5828813423493945e-41,0.9937949798892672,0.006205020089444429,2.1285092518090116e-11,1.7724819517083126e-63
115,6.68387583064022e-38,0.9971125296473876,0.0028874698253845772,5.272253133814907e-10,5.914099976882873e-59
116,1.4297606679386074e-40,0.9605393209821393,0.03946067892134477,9.651555321122616e-11,2.013022305126379e-62
117,3.640795161965413e-40,0.9751197948466418,0.024880205072476007,8.087997253446094e-11,1.5947661493738092e-62
118,9.815648797292548e-42,0.9931220656767663,0.00687793430114175,2.209036277790778e-11,1.342991145087341e-64
119,6.687224475729785e-38,0.8913694499374433,0.10863054871224932,1.3503063254719536e-09,2.6914082074319876e-59
120,3.919713329034363e-41,0.9960100015533261,0.003989998410994543,3.568021099331328e-11,2.7006575946987716e-63
121,4.348853621408344e-37,0.9685247856841902,0.03147521251279357,1.8030187890076035e-09,2.851795655961714e-58
122,4.590983034913347e-40,0.9961003742239044,0.00389962570029044,7.580212967603817e-11,2.370076476171858e-62
123,1.5980329382267704e-40,0.9967098233815759,0.0032901765753654407,4.305650570561323e-11,2.268905174954405e-62
124,2.370462809249948e-37,0.9424685234768015,0.057531475975737836,5.474637749971052e-10,7.411197455688454e-60
125,5.2699692644016e-39,0.9903030526927886,0.00969694726633183,4.08770713076862e-11,5.861183372609282e-61
126,5.872305662249946e-40,0.9572556375703317,0.042744362333247306,9.64235733873949e-11,9.93063635824679e-62
127,9.061484665273855e-43,0.9969680467047499,0.0030319532903573965,4.894030247169246e-12,8.143441821730052e-65
128,1.8491016016305746e-40,0.9915960297998889,0.008403970159032373,4.107764378388585e-11,8.099562073251703e-63
129,1.94003370054705e-41,0.9960885191890457,0.003911480796558256,1.4396463429311672e-11,5.4241717723519005e-64
130,8.244314353399774e-41,0.9923225147481124,0.007677485112659331,1.3923011166950113e-10,1.8411942848728332e-62
131,6.848674028079541e-41,0.9984767885168941,0.0015232114681193879,1.498601881017415e-11,1.4680377968098932e-63
132,1.0887661951065765e-41,0.9977352353982892,0.0022647645943606144,7.349682642333286e-12,4.769088606460191e-64
133,1.94003370054705e-41,0.9960885191890457,0.003911480796558256,1.4396463429311672e-11,5.4241717723519005e-64
134,2.0268211803859198e-42,0.9963656580526289,0.003634341942345738,5.024163599655939e-12,3.617120616114035e-65
135,1.118383463141722e-41,0.9966554415900092,0.0033445584073982684,2.5943345123225876e-12,1.2325687927704008e-63
136,3.3527671449261185e-39,0.9230668326478091,0.07693316643855326,9.136391596891704e-10,1.1259283038160486e-61
137,1.283469831856576e-41,0.9895742868908947,0.010425713099580257,9.524281197660505e-12,3.588474174782946e-64
138,1.3398267807031431e-39,0.9991942336689051,0.0008057663113929158,1.9700302124449773e-11,8.162356052338911e-63
139,3.3067062214306235e-39,0.9695036896635931,0.030496310077152,2.5925393969536224e-10,2.7615133670284863e-61
140,2.4735424164316267e-39,0.9858823419541252,0.014117656606277024,1.4395989380058194e-09,1.350453985008946e-60
141,1.8726265323240234e-40,0.9961897725534404,0.0038102274404645487,6.094303881203376e-12,6.288665821637244e-63
142,1.2349478510166133e-40,0.9974204987591021,0.0025795012058305324,3.506741332232591e-11,2.066498747061058e-62
143,3.0253856442364236e-38,0.9921635886468836,0.007836400545827467,1.080728857118856e-08,7.973261834728917e-61
144,3.596796870198013e-41,0.9991182056433637,0.0008817943396318099,1.7003187137092405e-11,1.6917957856155664e-62
145,1.0707267354943638e-37,0.6623242049217949,0.3376757937937363,1.2844673309582156e-09,1.80347123540429e-59
146,2.318727968108604e-40,0.9927781685131686,0.007221831416150261,7.06821856696784e-11,1.5300084440757282e-62
147,9.42098025084255e-40,0.9935465838715424,0.006453416096730473,3.172445445351736e-11,1.2000466399291846e-62
148,1.5014860832210808e-38,0.9932244495922775,0.006775549567574248,8.401501317038919e-10,2.4188155938578842e-60
149,1.99322928243056e-41,0.9968193442029316,0.0031806557630600497,3.4008994317142076e-11,2.438144697104822e-63
150,1.4729959667763625e-39,0.9795047684663499,0.02049523144604975,8.76022052898352e-11,3.792411751283902e-62
151,7.620390991393392e-38,0.8778797907168979,0.12212014376479072,6.551831210441007e-08,1.6298631391254818e-59
152,8.961793541944378e-39,0.9392736208834209,0.060726378113397685,1.0031823305526852e-09,7.10267832686873e-61
153,1.6438067654100345e-42,0.9937814789867269,0.006218521010816637,2.4552875261750677e-12,4.595946067134868e-65
154,1.5163308783678677e-41,0.9990168145044207,0.000983185494989613,5.881266829358127e-13,2.5460757936743057e-64
155,2.3406348270443313e-40,0.9909205635143395,0.009079436470096187,1.556598537196231e-11,1.606242191018457e-62
156,1.822891533347671e-41,0.9974904733380258,0.0025095266538220948,8.150995009466554e-12,7.984754928628308e-64
157,6.568352427029146e-41,0.9773399897234925,0.022660010261915754,1.4591542239030966e-11,2.8771149273139876e-63
158,1.47062833029462e-39,0.998372868798983,0.0016271310701743327,1.3084358321358485e-10,9.232642404517815e-62
159,1.94003370054705e-41,0.9960885191890457,0.003911480796558256,1.4396463429311672e-11,5.4241717723519005e-64
160,3.0657053531246284e-41,0.9921395630091343,0.007860436982002046,8.863545653040243e-12,8.867022880925536e-64
161,1.1026617375538278e-40,0.999349884297688,0.0006501156998338029,2.4806454046500444e-12,2.8611511196577795e-63
162,3.41113112882009e-39,0.9863433992407715,0.013656600344674686,4.145547713462124e-10,1.7946607407913933e-61
163,1.516903105577321e-42,0.999078078429995,0.0009219215665860571,3.4205314951085056e-12,4.241134060890452e-65
164,3.860167765365695e-41,0.9880519969346457,0.011948003036122755,2.923253742613671e-11,7.956161348714883e-64
165,1.2068476510382698e-41,0.9976591047210016,0.002340895273245069,5.753040674038516e-12,1.0768866936372391e-64
166,1.1647351151735067e-39,0.9862590065171808,0.013740993268222037,2.1459365013581e-10,1.543793592678252e-60
167,1.290227862523388e-41,0.9947848288233315,0.005215171167093344,9.574430708631178e-12,3.6073690626240047e-64
168,1.447599061198927e-38,0.9966655273509735,0.0033344726017374106,4.729098162427685e-11,1.9236078924662831e-59
169,5.4912336899701254e-39,0.9679888919415542,0.03201110783839925,2.2004734697978022e-10,5.9036947752811004e-61
170,4.147135207972317e-41,0.9972061109174031,0.002793889064212031,1.8384924278034934e-11,1.8392136806053682e-63
171,7.371510802183997e-41,0.9915636234367636,0.008436376546860714,1.6375752128177322e-11,1.037867106015089e-62
172,4.817740669242875e-42,0.9960865163404363,0.003913483648700173,1.0863735220674332e-11,1.3469999483643474e-64
173,6.168204025078443e-37,0.9400787005640902,0.05992129203639545,7.399513151448551e-09,1.03893721568443e-58
174,3.869962928450583e-40,0.8756961351196365,0.12430386468856892,1.9179144494565774e-10,6.5444812945268e-62
175,7.441964789766931e-41,0.9942970586279997,0.005702941326478313,4.552030381615754e-11,1.2229957099705728e-63
176,3.683492402650238e-42,0.9990450661571815,0.0009549338410609826,1.7559201939638005e-12,3.286830737181569e-65
177,6.5896713568937896e-40,0.9111625521089262,0.0888374473490972,5.419795835011208e-10,2.212947446947175e-62
178,8.213685000811145e-39,0.9807866412405931,0.019213358328843314,4.305639470800208e-10,3.2782847554997676e-61
179,2.675624734646074e-38,0.989940133260301,0.010059856998091733,9.7416104530529e-09,2.5835695728613135e-60
180,8.136335602322087e-42,0.997668512507331,0.0023314874912550828,1.4130913085163728e-12,1.101542083348855e-64
181,4.596582205535578e-41,0.9925994218940277,0.007400578022155602,8.381538684242841e-11,4.165710138675151e-63
182,2.0268211803859198e-42,0.9963656580526289,0.003634341942345738,5.024163599655939e-12,3.617120616114035e-65
183,3.0657053531246284e-41,0.9921395630091343,0.007860436982002046,8.863545653040243e-12,8.867022880925536e-64
184,6.08646865427989e-41,0.9981943768025056,0.0018056231597630272,3.7732987836881574e-11,1.9284665890886233e-63
185,1.9324387506827733e-41,0.9921889774638367,0.007811022492588645,4.357541088007037e-11,5.402936928516805e-64
186,5.963544993750677e-41,0.9626064113868397,0.03739358854519023,6.797159732390248e-11,2.612193013673196e-63
187,2.431457670396694e-41,0.9998814885965628,0.00011851139958739943,3.853314500096103e-12,1.7261055010440504e-63
188,9.815648797292548e-42,0.9931220656767663,0.00687793430114175,2.209036277790778e-11,1.342991145087341e-64
189,6.873872445784277e-35,0.9891940670313986,0.01080593016258092,2.8060189753870017e-09,2.1718939004092464e-57
190,7.351781596676483e-42,0.9938677690526061,0.006132230943515073,3.8799236284046204e-12,9.953248258365294e-65
191,1.94003370054705e-41,0.9960885191890457,0.003911480796558256,1.4396463429311672e-11,5.4241717723519005e-64
192,5.117460133114357e-41,0.9817856098784221,0.01821439011123969,1.0341573721433541e-11,3.5118166583221256e-63
193,1.9324387506827733e-41,0.9921889774638367,0.007811022492588645,4.357541088007037e-11,5.402936928516805e-64
194,5.594233051751207e-39,0.9841832907892895,0.015816708850617842,3.6009260622272315e-10,5.995719412591768e-62
195,3.3758008321037665e-40,0.9858509229864831,0.014149076940332947,7.318482221449887e-11,1.0786211276674896e-62
196,5.966646108369411e-42,0.997668512507331,0.0023314874912550828,1.4130913085163728e-12,5.324120069519597e-65
197,1.3786726623070298e-41,0.9975535478386893,0.0024464521302322707,3.1080275204153534e-11,3.9875723965198665e-64
198,3.0316313605710715e-41,0.9983690673129244,0.0016309326830780328,3.997232627714721e-12,1.0180842892024175e-63
199,3.479240781489612e-39,0.9732660103607611,0.026733989407855437,2.3138086507321669e-10,2.387601547823537e-61
200,3.431993294708076e-40,0.9984149290443223,0.0015850709354868926,2.018840115426932e-11,1.4245183993559646e-61
201,1.7731784701058173e-40,0.9873120045583885,0.01268799540585174,3.576289747258212e-11,5.954698733643792e-63
202,2.0268211803859198e-42,0.9963656580526289,0.003634341942345738,5.024163599655939e-12,3.617120616114035e-65
203,2.0268211803859198e-42,0.9963656580526289,0.003634341942345738,5.024163599655939e-12,3.617120616114035e-65
204,1.283640762105126e-38,0.46984403024353133,0.530155964878428,4.8780427676172806e-09,2.855293271661423e-60
205,1.2068476510382698e-41,0.9976591047210016,0.002340895273245069,5.753040674038516e-12,1.0768866936372391e-64
206,4.097510242685081e-39,0.9778179273906247,0.022182072528883368,8.048891830494294e-11,2.2026425369207215e-61
207,2.2175283737880117e-39,0.9315160316741626,0.06848396817836361,1.4747287286963582e-10,1.5217613583305836e-61
208,2.0268211803859198e-42,0.9963656580526289,0.003634341942345738,5.024163599655939e-12,3.617120616114035e-65
209,1.311500124349654e-40,0.9904703840234906,0.009529615918086229,5.842132765616816e-11,1.375716846761806e-63
210,2.513165958187503e-38,0.9650977879949164,0.034902210960642395,1.0444429742453421e-09,1.8984905265466761e-59
211,2.5673326035236008e-42,0.9963756612821542,0.003624338710691181,7.153338337213968e-12,4.405511646709439e-65
212,5.113283349994162e-37,0.08014496396202855,0.9198550355031733,5.348013126041882e-10,5.486182343358606e-58
213,5.703982264048379e-38,0.9912759638940809,0.008724035850400883,2.555194372289202e-10,1.5239424729822786e-59
214,6.438029152568745e-42,0.9960871871726754,0.003912812822546102,4.777486660446368e-12,1.8000190403442995e-64
215,9.730655067239822e-41,0.9995295289293503,0.000470471066555284,4.094666277877984e-12,1.0429003751572507e-63
216,6.438029152568745e-42,0.9960871871726754,0.003912812822546102,4.777486660446368e-12,1.8000190403442995e-64
217,4.271374630894065e-42,0.997643632814827,0.002356367181664829,3.5093568177375264e-12,5.619380794095164e-65
218,9.783398797252078e-41,0.9945618725667905,0.005438127406804529,2.640567349280705e-11,1.5776105563019616e-63
219,7.079160709491078e-40,0.994560473938195,0.005439526014724809,4.7078728717737467e-11,4.858018208224055e-62
220,2.1511152310399984e-37,0.47188477500458137,0.5281152178336852,7.16173087437075e-09,1.187093623538443e-58
221,9.775097822453325e-41,0.9433689952856775,0.05663100451113726,2.0318733663004875e-10,2.9456616656125906e-62
222,1.4338219206946386e-36,0.9898448540546665,0.010155145260473999,6.848595550185977e-10,2.2239015345382943e-58
223,1.1434458100654688e-40,0.9990287459551995,0.0009712540068022598,3.800111649552646e-11,5.902992878876256e-63
224,2.2493240804287716e-39,0.9934752352199774,0.0065247647352449055,4.4780938741061635e-11,2.4182767609756473e-61
225,5.053998277704411e-36,0.9893085403651024,0.010691459346173696,2.8872732855076803e-10,2.121545973195852e-59
226,1.662348337366751e-40,0.9967229780932774,0.0032770218724352384,3.428467289001891e-11,2.8462542354094166e-62
227,7.55276482008015e-39,0.9661795502903979,0.03382044926042434,4.491789992626398e-10,6.250350411669717e-61
228,1.3223285580258113e-37,0.9919896610787483,0.008010338423713487,4.975383870652397e-10,2.7442963886411543e-59
229,1.94003370054705e-41,0.9960885191890457,0.003911480796558256,1.4396463429311672e-11,5.4241717723519005e-64
230,5.28264673274156e-41,0.99777637872588,0.002223621256238334,1.788309526033043e-11,2.205527039487616e-62
231,1.8554264413366064e-37,0.9763286402126797,0.02367131418244059,4.560488006849663e-08,6.700879653141862e-58
232,3.808926503609122e-37,0.9808636979031965,0.01913630060570789,1.491097754615457e-09,3.084393865450602e-59
233,1.8588608602468526e-40,0.9810780753857535,0.018921924273660996,3.405846267554441e-10,3.984534802889642e-63
234,1.2196695683471143e-42,0.9943447731634276,0.005655226832603542,3.969289109109092e-12,5.51965466998612e-64
235,5.5759960168270905e-39,0.8944002157197805,0.10559977854438737,5.7358313957700565e-09,1.2837475500858765e-58
236,2.0268211803859198e-42,0.9963656580526289,0.003634341942345738,5.024163599655939e-12,3.617120616114035e-65
237,4.809512989724903e-40,0.9844098095597281,0.015590190352032992,8.824066343723057e-11,2.530375942472531e-62
238,5.826199576856946e-38,0.9705008358136865,0.029499164083922547,1.0239009759455379e-10,7.523544803922512e-60
239,9.29431837947933e-40,0.99801184092296,0.001988158698142869,3.7890023831001e-10,1.1824023291306467e-61
240,3.0247654591548256e-40,0.9828575784924708,0.017142421241758955,2.657735276288667e-10,1.6441620095575414e-61
241,2.0268211803859198e-42,0.9963656580526289,0.003634341942345738,5.024163599655939e-12,3.617120616114035e-65
242,2.782955370631521e-41,0.995519392947827,0.004480606988325538,6.384608431541857e-11,2.5220881264690837e-63
243,3.827980404997288e-38,0.9940085534459444,0.005991443812359504,2.741699256262667e-09,5.85784553541118e-59
244,2.98836369625072e-41,0.9942416093569012,0.0057583906350465765,8.051680003595059e-12,2.0507410193016525e-63
245,1.314940859641082e-41,0.9982389295897731,0.0017610704089742481,1.2518095536640596e-12,9.040343227769985e-64
246,1.5731086487736773e-41,0.9933086054561856,0.006691394536780071,7.034099676767394e-12,6.890638749907322e-64
247,3.484128364869699e-42,0.998153244757891,0.0018467552358905127,6.215203621913157e-12,2.491069518366377e-63
248,3.5025285939741276e-41,0.9996402962610854,0.0003597037342248655,4.688454378619884e-12,2.4035826254854424e-63
249,2.251701523702017e-36,0.9991808228038996,0.0008191766035899411,5.925101191734764e-10,1.0587202079759967e-59
250,2.0268211803859198e-42,0.9963656580526289,0.003634341942345738,5.024163599655939e-12,3.617120616114035e-65
251,4.948864334427626e-40,0.9984326628907326,0.0015673370354899036,7.377608679728034e-11,4.129993138045479e-62
252,9.035876051864947e-41,0.9967749191254135,0.003225080844215365,3.0368719056565704e-11,6.278138062536703e-63
253,3.8391177360253137e-41,0.9844820773583395,0.015517922613171607,2.8489050510785108e-11,1.073385171021106e-63
254,3.0282637155561036e-42,0.996568134865007,0.0034318651029710454,3.202119523806737e-11,3.704212648589403e-64
255,1.4945841343980084e-40,0.9856692115301989,0.01433078844979725,2.0006373513094758e-11,1.0256465754328507e-62
256,5.3888645447850025e-37,0.98177243717412,0.01822756021314941,2.6127302545355955e-09,5.3350808197401615e-59
257,2.7111930250874046e-39,0.9569109956344953,0.04308900425685984,1.0864422568834687e-10,2.91483790358846e-61
258,2.4681428395408264e-39,0.9880376513327901,0.011962348562671069,1.0453832747684616e-10,5.472985384519397e-62
259,2.908682263070747e-40,0.9580646778425431,0.04193532211851854,3.893536833866251e-11,1.9960602641767234e-62
260,9.133367500284033e-40,0.9932249104091593,0.0067750895694950915,2.134573396913726e-11,2.4026188769895656e-62
261,5.970595072999466e-41,0.9980747089872103,0.0019252910021822453,1.0608167730632112e-11,2.9887275603297485e-63
262,5.208128222082325e-42,0.9958191169300801,0.004180883066112351,3.806827867316479e-12,7.125835723324908e-65
263,3.0282637155561036e-42,0.996568134865007,0.0034318651029710454,3.202119523806737e-11,3.704212648589403e-64
264,2.0268211803859198e-42,0.9963656580526289,0.003634341942345738,5.024163599655939e-12,3.617120616114035e-65
265,8.251825320991833e-41,0.995066023300043,0.004933976667120782,3.28391205664291e-11,7.906765362137061e-63
266,2.1625357561650523e-36,0.9926940294226896,0.0073059201380985496,5.0439214759254805e-08,7.70284549891645e-59
267,2.0268211803859198e-42,0.9963656580526289,0.003634341942345738,5.024163599655939e-12,3.617120616114035e-65
268,1.363000654907834e-38,0.9968910151235005,0.0031089847334663484,1.4303031315295582e-10,9.349574885834035e-59
269,9.188597877751064e-41,0.9920905315554838,0.00790946844418481,3.3234764183454974e-13,1.7874325567830846e-62
270,1.7929439455731726e-39,0.9496627708293883,0.05033722485269983,4.317912719893822e-09,6.535859749366798e-60
271,7.869703330857029e-40,0.993953032269845,0.006046967677816728,5.233609511163687e-11,5.400521847648998e-62
272,3.640795161965413e-40,0.9751197948466418,0.024880205072476007,8.087997253446094e-11,1.5947661493738092e-62
273,1.3335496296282534e-40,0.9975858659719804,0.002414133982514204,4.5501987235804915e-11,9.1513791650737e-63
274,1.1630789510952635e-40,0.9994218969976937,0.000578102973854258,2.8451013993706626e-11,6.119178809445271e-63
275,6.151590301832674e-41,0.9929597698976937,0.007040230088640847,1.3665708520302942e-11,2.694561913470308e-63
276,1.774621033625602e-39,0.9936418574099853,0.006358142303885703,2.861314794191234e-10,1.9737077719276396e-61
277,1.460269306756877e-40,0.99470025017822,0.005299749782433098,3.934467947067255e-11,1.0020982955825024e-62
278,4.464417878735988e-39,0.9958988103055917,0.004101189488192493,2.0621437941162953e-10,7.72813363110466e-61
279,8.215303951175417e-41,0.9859983855760175,0.014001614343946974,8.003729201135559e-11,1.8121138546560114e-62
280,1.94003370054705e-41,0.9960885191890457,0.003911480796558256,1.4396463429311672e-11,5.4241717723519005e-64
281,1.8828409654338302e-39,0.9379864053487578,0.06201359418542218,4.658224882685514e-10,4.84760879470486e-62
282,1.5792345489230593e-41,0.9953030844709659,0.004696915517491327,1.1543252841547082e-11,2.1607313576710766e-64
283,3.2464411542944863e-40,0.987434156278376,0.012565843593306746,1.2831605260019088e-10,2.5515830412776684e-63
284,6.365216640991204e-40,0.9986781245046928,0.001321875155705753,3.3959976028665635e-10,5.633089987922657e-62
285,6.597288012825665e-38,0.9815836884536695,0.01841631133403732,2.122904746115937e-10,1.3346862969723306e-59
286,2.0236357441611776e-40,0.9972351023472663,0.0027648976448156164,7.919129253572217e-12,1.077952242430436e-62
287,4.032878498028023e-40,0.992626087871665,0.00737391174971136,3.786256883365565e-10,6.639470644238848e-62
288,6.510306811421932e-41,0.9876866425609019,0.012313357317717665,1.21382446006099e-10,4.2958141412010365e-63
289,2.0268211803859198e-42,0.9963656580526289,0.003634341942345738,5.024163599655939e-12,3.617120616114035e-65
290,9.061484665273855e-43,0.9969680467047499,0.0030319532903573965,4.894030247169246e-12,8.143441821730052e-65
291,3.869210612158811e-41,0.9921989277512386,0.007801072220050192,2.8712361575235757e-11,1.0817988871965914e-63
292,5.888350314240977e-39,0.990868769956542,0.009131229928980172,1.1448106984013363e-10,4.872950990453388e-61
293,3.2280376432486357e-41,0.9974566906962002,0.00254330929673805,7.063474278865591e-12,6.919414255058322e-64
294,8.166081539465447e-41,0.9949346367923555,0.0050653631875608625,2.0084997478643424e-11,1.6831046281894977e-63
295,3.702352265060224e-40,0.9916067289011141,0.008393270933338129,1.6554937188375865e-10,1.6217298152495142e-62
296,1.4158883725021636e-40,0.9978550039321763,0.002144995849520208,2.183024412716931e-10,2.0353676372791547e-62
297,2.91920836923271e-38,0.9488359808735026,0.05116401694351597,2.1829836336782324e-09,3.745055036039569e-60
298,1.2469708005273395e-39,0.99295279146755,0.007047208078002266,4.544452554235535e-10,6.57266600825361e-62
299,1.0668374139312421e-38,0.9915704193125368,0.008429580605251128,8.221311522229004e-11,5.734851967968803e-61
300,3.610562699775417e-40,0.967022587775954,0.032977412143839216,8.02083608115279e-11,1.5815235182539405e-62
301,6.0258358452303405e-40,0.9954059062138366,0.004594093677292574,1.0887211168099804e-10,9.305852208884461e-63
302,1.94003370054705e-41,0.9960885191890457,0.003911480796558256,1.4396463429311672e-11,5.4241717723519005e-64
303,1.087472800802359e-40,0.9972118009283387,0.00278819905062042,2.1038911915746334e-11,1.2094714747736713e-62
304,2.0268211803859198e-42,0.9963656580526289,0.003634341942345738,5.024163599655939e-12,3.617120616114035e-65
305,4.037161603235151e-40,0.9834920243759626,0.016507975514024924,1.1001387138653797e-10,2.8050249671862993e-62
306,3.6839571338393413e-41,0.9966352232762726,0.00336477670725435,1.6472684009820463e-11,1.6136722532941656e-63
307,6.19644662045355e-39,0.9133093594105263,0.08669063751254723,3.076926025106492e-09,1.3783196098084964e-60
308,2.982900825397005e-40,0.9968545531258919,0.003145446702036368,1.7207052583930842e-10,2.1175781040623986e-62
309,5.5691296544574177e-39,0.9819471088894411,0.018052890966258305,1.4429816674211617e-10,3.953556522749642e-61
310,4.26346806872139e-35,0.8455066150801365,0.15449087172690024,2.513192963469789e-06,1.1250457693681316e-56
311,1.081104996354328e-37,0.9930151614864289,0.006984837869239866,6.443283504827405e-10,1.8209517879243745e-59
312,2.9501180984023117e-40,0.9717128547961105,0.028287145164397787,3.949002483433359e-11,2.0244952793959195e-62
313,1.6318524502425054e-40,0.9971455255192607,0.0028544744758533156,4.8860402453040195e-12,2.0786574195382572e-63
314,1.8128782412956565e-39,0.9977573830380726,0.0022426168151998215,1.4672840226894807e-10,2.0030962487474223e-61
315,7.719397057934375e-38,0.9879946514159632,0.012005347161697325,1.4223426324282253e-09,2.036997782583668e-59
316,9.769881401546083e-39,0.990714002537546,0.009285997387162393,7.528910918240292e-11,5.251861516181193e-61
317,1.6089228081534818e-42,0.9981699637684244,0.0018300362300206904,1.5538678335906587e-12,2.9703390310930327e-65
318,8.911969220343898e-41,0.9934195218699506,0.006580478114223932,1.5826349628023488e-11,1.8175617796680126e-63
319,2.2401633540070162e-39,0.9927642222780457,0.007235776587185948,1.1347715488362225e-09,5.148205413476569e-60
320,4.3827203893057764e-41,0.9961065361222069,0.0038934638734596182,4.334169648456114e-12,1.4718078293921615e-63
321,3.4019431242782064e-38,0.992797128756539,0.007202870245437352,9.980200277924824e-10,2.1094386784282387e-60
322,4.493209705746874e-42,0.9985497010867155,0.0014502989112764352,2.009122825907824e-12,1.9681466333565298e-64
323,8.274725801795674e-41,0.9944994426458225,0.005500557331964492,2.2210582725126872e-11,1.3598497765932054e-63
324,1.5275061816479803e-40,0.9987025213225427,0.0012974786266923108,5.0764924621236034e-11,7.885689057876055e-63
325,5.303210852699246e-40,0.9899331381828489,0.0100668617467705,7.038024121911621e-11,3.684677580445192e-62
326,4.534708709600558e-40,0.9990002460935223,0.000999753878731646,2.774569250956593e-11,1.1803789305801775e-62
327,2.0268211803859198e-42,0.9963656580526289,0.003634341942345738,5.024163599655939e-12,3.617120616114035e-65
328,3.8727122361781416e-36,0.7316471420946045,0.26835284227261663,1.5632777303297455e-08,9.826278402806806e-58
329,3.248181737856339e-39,0.9987497223628434,0.0012502776180906632,1.906842023225798e-11,2.677323631720914e-61
330,6.20623818969982e-36,0.8524543938508558,0.14754559700403755,9.145109799699812e-09,4.069790489641146e-57
331,1.232093735860975e-40,0.9944002649275485,0.005599735017359484,5.509263556540051e-11,5.396901762926658e-63
332,9.830032764189144e-42,0.9846999212651791,0.0153000787218184,1.3004154828752581e-11,2.084989193685804e-64
333,1.4030440376530044e-39,0.9965246639733681,0.003475335939965851,8.666765005538194e-11,1.2011381564472754e-61
334,3.640795161965413e-40,0.9751197948466418,0.024880205072476007,8.087997253446094e-11,1.5947661493738092e-62
335,3.246902356086734e-39,0.9998058349727058,0.00019416501311901298,1.4178535911584575e-11,2.4720736083014087e-61
336,9.233088718511223e-41,0.9958036593142833,0.004196340644431994,4.1285429598949945e-11,4.04434105391914e-63
337,2.5673326035236008e-42,0.9963756612821542,0.003624338710691181,7.153338337213968e-12,4.405511646709439e-65
338,8.248324674431981e-38,0.9666733075189907,0.03332669227155582,2.0945646805331042e-10,1.2351250721229293e-60
339,2.9883636962628227e-41,0.994241609360928,0.005758390635069899,4.000197708808663e-12,2.0507410193099292e-63
340,2.0268211803859198e-42,0.9963656580526289,0.003634341942345738,5.024163599655939e-12,3.617120616114035e-65
341,6.678977738139646e-41,0.9951972722097414,0.004802727722249502,6.800987246806013e-11,9.041945771206988e-63
342,2.0866315603148735e-42,0.9959179613852923,0.004082038609417605,5.288832548371775e-12,1.1606194520816302e-64
343,4.324743190253052e-40,0.9975655164857761,0.002434483000656994,5.135671066989905e-10,1.5493690864201939e-61
344,1.5358251807037574e-41,0.9969882118663445,0.0030117881233085214,1.0347223416716e-11,3.2920962588107026e-64
345,1.2348315456946012e-40,0.9943878218728521,0.005612178071934012,5.5215055763654485e-11,5.408894105950165e-63
346,3.8391177359145084e-41,0.9844820773299322,0.015517922612723835,5.734334525723356e-11,2.2207969054967884e-63
347,4.907198210238993e-42,0.9932620009331262,0.0067379990607883584,6.086640107129998e-12,6.4558643898823685e-65
348,1.6573773397260624e-40,0.9937941636691714,0.006205836310644394,2.0181656784636812e-11,3.686622072489448e-62
349,7.681656421948214e-40,0.9702024806339254,0.029797519314986785,5.10855218058412e-11,5.2714761394120745e-62
350,2.0268211803859198e-42,0.9963656580526289,0.003634341942345738,5.024163599655939e-12,3.617120616114035e-65
351,5.543342179584451e-40,0.9345472877254181,0.06545271223771482,3.68650343411977e-11,3.804074854061854e-62
352,2.0268211803859198e-42,0.9963656580526289,0.003634341942345738,5.024163599655939e-12,3.617120616114035e-65
353,2.1259963886893155e-41,0.9568033429493932,0.043196656959155616,9.145429531627988e-11,9.78414763437135e-63
354,1.2629090371086322e-37,0.6473418838893034,0.3526581124944414,3.6162549328464112e-09,5.286145112149918e-59
355,2.0268211803859198e-42,0.9963656580526289,0.003634341942345738,5.024163599655939e-12,3.617120616114035e-65
356,1.8569230313991647e-40,0.9957903362128195,0.004209663745930796,4.125139621892293e-11,8.133822038121235e-63
357,4.943926402476427e-40,0.9954121839653248,0.0045878160220602995,1.261770907215645e-11,2.668294887435659e-62
358,6.374595510937478e-39,0.8722147630950844,0.12778523643718817,4.67725779294342e-10,1.0737006240910824e-60
359,2.0268211803859198e-42,0.9963656580526289,0.003634341942345738,5.024163599655939e-12,3.617120616114035e-65
360,1.5402422222273319e-41,0.9980301412723485,0.0019698587231969217,4.4531374287283864e-12,4.4548844241464655e-64
