,class1,class2,class3,class4,class5
0,0.03394268826081817,0.43285171120331395,0.30137378147456745,0.19773449331901705,0.0340973257422835
1,0.03159507627398456,0.571526730258432,0.26765612617048723,0.10996007026390213,0.01926199703319404
2,0.06181239025720902,0.5350370908083095,0.27157001528113855,0.1095195806598104,0.022060922993532628
3,0.034438430596642526,0.5532042199287991,0.2848768787005958,0.10560923257300947,0.021871238200953092
4,0.03632025395963757,0.6860459573477872,0.18607192381156346,0.07532291032843261,0.01623895455257912
5,0.04849763333655021,0.4562361966886173,0.28894285725882946,0.18066161859527563,0.025661694120727357
6,0.047105203269829976,0.5566804521102743,0.2686816667515971,0.10576172070557907,0.02177095716271956
7,0.029103582500188768,0.5523455996902682,0.2181313183769435,0.1707491908846609,0.02967030854793867
8,0.026962526393211422,0.547641533164078,0.31723089191923126,0.08985842982527935,0.01830661869820001
9,0.03727698750581522,0.5723208347457215,0.2855866815487583,0.0846665618683326,0.020148934331372388
10,0.034438430596642526,0.5532042199287991,0.2848768787005958,0.10560923257300947,0.021871238200953092
11,0.03804210844908649,0.6337242864670981,0.1881257090626623,0.1178235659293105,0.022284330091842636
12,0.028034395174396234,0.6120739162389784,0.21894192616054262,0.12049699484049874,0.02045276758558387
13,0.029677790186909057,0.49042692178470976,0.24754802808287613,0.2036104991778259,0.028736760767679188
14,0.036492119688011596,0.5224852525327471,0.2674068076426356,0.14325399335593303,0.030361826780672587
15,0.030780871078692908,0.6336170199706094,0.22235951395633832,0.09243265015776439,0.02080994483659509
16,0.03115750296577485,0.5208937207522502,0.26428051461318935,0.1630588903481433,0.020609371320642375
17,0.03259576145164887,0.5026747745000123,0.3022938774486625,0.13773187802059803,0.024703708579078353
18,0.031116835106336515,0.601385019683663,0.2691855222760219,0.07946360305990037,0.01884901987407836
19,0.03606933912704398,0.3695593257817849,0.42916251998329624,0.14411798464026937,0.021090830467605487
20,0.0325347557135431,0.543477624536857,0.30992406461580047,0.09312863274025021,0.020934922393549077
21,0.029995058092543447,0.5412136119992372,0.2911123868172681,0.11771766819570538,0.019961274895245913
22,0.031323501149966244,0.5801374488262666,0.27809933560890465,0.08998036345386133,0.02045935096100116
23,0.04691094052238814,0.4732194082575264,0.33902849023457826,0.11434078538907712,0.02650037559643004
24,0.045725361106060104,0.5626539780324655,0.27435166378382253,0.09632267646581892,0.020946320611832766
25,0.03648575586409501,0.5743276910339157,0.2611455725802761,0.10725951065354009,0.020781469868173027
26,0.02936297430435824,0.5720589144432101,0.23389167482907822,0.13988380030515127,0.024802636118202204
27,0.034438430596642526,0.5532042199287991,0.2848768787005958,0.10560923257300947,0.021871238200953092
28,0.034438430596642526,0.5532042199287991,0.2848768787005958,0.10560923257300947,0.021871238200953092
29,0.03878152506000156,0.35994946780949544,0.4206818323627942,0.16041851584082803,0.020168658926880665
30,0.034452545168274326,0.537681398512566,0.2940173199386747,0.11131680773051067,0.022531928649974293
31,0.02976119456362275,0.5870305716038551,0.23034967305042459,0.132979639699747,0.019878921082350603
32,0.029305221276737174,0.5673863962970257,0.29295916950061,0.09085712506063943,0.019492087864987538
33,0.03339873032782005,0.5554572351432885,0.3059813544637682,0.08352598373492469,0.021636696330198633
34,0.03273935924491013,0.4701823475741325,0.3823690509298566,0.09378608637065508,0.020923155880445746
35,0.03394497016080227,0.5702144546365557,0.2709750113320076,0.10320881056077434,0.021656753309860038
36,0.032959056658316374,0.4259606042399425,0.35997380525885847,0.1577408669292371,0.023365666913645576
37,0.035470635280576854,0.7566495461413234,0.12410397039741157,0.06620706035656293,0.017568787824125336
38,0.034438430596642526,0.5532042199287991,0.2848768787005958,0.10560923257300947,0.021871238200953092
39,0.028054079912359448,0.4527169958068771,0.4132212879450073,0.08742117127009383,0.01858646506566244
40,0.032632425528445606,0.6673764065437109,0.18313617783369673,0.09541224380123568,0.021442746292911114
41,0.03689234045998954,0.51840136781895,0.3452384154980693,0.07947435019483268,0.019993526028158536
42,0.03292188422556864,0.5210659170277394,0.3286170608052264,0.09619376463160323,0.02120137330986234
43,0.034438430596642526,0.5532042199287991,0.2848768787005958,0.10560923257300947,0.021871238200953092
44,0.025728568778897332,0.6975887352925855,0.18245531703854892,0.07471167078711649,0.0195157081028517
45,0.032397561762904786,0.4857917530197393,0.32046624619219394,0.1403587252043683,0.020985713820793554
46,0.031203889457090548,0.6088350761934646,0.2369752654571805,0.10255847043741534,0.020427298454849058
47,0.035436548265497685,0.454736299379214,0.30467012226456003,0.17823981849856196,0.02691721159216626
48,0.03179689386551984,0.5404083897816471,0.29400492187945126,0.11078292939944537,0.023006865073936483
49,0.032661719301543525,0.5888736383499287,0.20692469444459072,0.14701120446272034,0.02452874344121676
50,0.03903672990298311,0.5344898344769193,0.30568536716540506,0.09910356633929365,0.021684502115399
51,0.0349005995703885,0.45357922909220555,0.38146134242819546,0.10697345334318718,0.023085375566023386
52,0.045644420933022525,0.5854942431394567,0.259694594118567,0.09073785707158481,0.018428884737368985
53,0.027042647671585526,0.6484836726885266,0.21187939147092263,0.09432077241623739,0.018273515752727915
54,0.03888944780096892,0.559466883548903,0.27318631216923295,0.10726079292695175,0.02119656355394346
55,0.034438430596642526,0.5532042199287991,0.2848768787005958,0.10560923257300947,0.021871238200953092
56,0.032428056959222545,0.543313716525244,0.2675102843620124,0.13581626391932494,0.02093167823419609
57,0.03394497016080227,0.5702144546365557,0.2709750113320076,0.10320881056077434,0.021656753309860038
58,0.0306336895653907,0.6438491960570379,0.2278599822807655,0.07860058520980252,0.019056546887003274
59,0.02792000826972087,0.6498830848498044,0.19622811031018106,0.10107236248167317,0.02489643408862052
60,0.029013021530060173,0.5007749336428671,0.21399340705879688,0.22182406189661635,0.034394575871659616
61,0.03791526109354185,0.607415614081376,0.20488474531949968,0.1266915956638715,0.023092783841710943
62,0.032643305246466574,0.6133429195476056,0.24487479935727852,0.08775104493405572,0.021387930914593567
63,0.056482759345769684,0.6650325311583422,0.1764346528365018,0.0842528392544678,0.017797217404918488
64,0.029903668022853668,0.7192352307274882,0.12733925319612902,0.10059259172402465,0.022929256329504676
65,0.03190674524441811,0.627333017235245,0.22899688280414576,0.0912475878066776,0.020515766909513393
66,0.024086738911795427,0.5701063524206569,0.2729283657894179,0.10505465518544287,0.027823887692686834
67,0.03685412495396117,0.5931697386259919,0.24202585500381357,0.10490555176383616,0.02304472965239717
68,0.03589641670664621,0.4063553041573004,0.3847167382074077,0.15260271120064153,0.020428829728004225
69,0.03195938497578748,0.5407613525298911,0.2828951789159507,0.12346713338565982,0.020916950192710775
70,0.031665652022053015,0.4705291673851366,0.3522740287286983,0.12105862241580001,0.024472529448312002
71,0.03657485711179191,0.46092413993054976,0.31533455407688193,0.16540984613733584,0.021756602743440746
72,0.03526220754371001,0.5924472944884192,0.2590265485810419,0.09287961319165328,0.02038433619517575
73,0.025457067588542274,0.6546708344141493,0.19919414766851776,0.10327910158643086,0.01739884874236005
74,0.034438430596642526,0.5532042199287991,0.2848768787005958,0.10560923257300947,0.021871238200953092
75,0.034438430596642526,0.5532042199287991,0.2848768787005958,0.10560923257300947,0.021871238200953092
76,0.03423095993393831,0.5105985339506633,0.32976303830526976,0.10364529961201983,0.021762168198108726
77,0.03056946400169445,0.5555848663585822,0.2974249807596114,0.0963383826217253,0.02008230625838689
78,0.038433136172140635,0.4782394980090414,0.349284525389629,0.1134159988344903,0.02062684159469876
79,0.030733452195438934,0.5074384312395253,0.3503505006928103,0.09135393059476377,0.020123685277461518
80,0.03454506528304714,0.6788701153126661,0.18453647087820887,0.08010512192690143,0.021943226599176396
81,0.03454506528304714,0.6788701153126661,0.18453647087820887,0.08010512192690143,0.021943226599176396
82,0.034438430596642526,0.5532042199287991,0.2848768787005958,0.10560923257300947,0.021871238200953092
83,0.03582803084131071,0.5285048422698405,0.2596202965060817,0.14234285520305512,0.03370397517971184
84,0.03559765802525041,0.5961802438868373,0.2275024801366072,0.11819614412852913,0.022523473822775975
85,0.035305584522537764,0.6250649321875671,0.22826171608746862,0.09117017704659797,0.02019759015582849
86,0.034438430596642526,0.5532042199287991,0.2848768787005958,0.10560923257300947,0.021871238200953092
87,0.03408953368289852,0.5652783396401257,0.27500338334441476,0.10390890400964925,0.021719839322911803
88,0.04638999977549518,0.5974359554339708,0.21320380270903244,0.1218460652020081,0.021124176879493417
89,0.03263818965015294,0.48136985112480735,0.30540466885715645,0.15484177612346037,0.025745514244422868
90,0.029234662370316238,0.6103295961691411,0.24316337954026848,0.09498050362183962,0.022291858298434653
91,0.03337851011142241,0.5087296091824758,0.277865540454169,0.15245899176647387,0.027567348485459
92,0.027192501347267962,0.46243233512614323,0.39045525718453766,0.10149644313105925,0.01842346321099184
93,0.03825586584298734,0.4921837625527621,0.30280976768278717,0.14678891329548213,0.01996169062598124
94,0.0314422076997631,0.5919337042383832,0.21548001163625546,0.13882778333498802,0.022316293090610277
95,0.04431736396119686,0.437685075537185,0.3432832703719154,0.15125878150784144,0.02345550862186128
96,0.035520074656714154,0.5554770610281478,0.26084827825676515,0.1258158360616159,0.022338749996757005
97,0.034438430596642526,0.5532042199287991,0.2848768787005958,0.10560923257300947,0.021871238200953092
98,0.034438430596642526,0.5532042199287991,0.2848768787005958,0.10560923257300947,0.021871238200953092
99,0.03171392822217661,0.5644650744832717,0.30892308689641684,0.07580909781260194,0.01908881258553287
100,0.03322659680105661,0.5419478595682428,0.28974509095125434,0.10610521099555434,0.02897524168389195
101,0.02246130118769071,0.7418636496177843,0.15452762443474222,0.05928008285785008,0.021867341901932496
102,0.02710041762692542,0.6303830426531092,0.1880847163305091,0.13131239786782473,0.023119425521631588
103,0.029283521867867517,0.594855282124715,0.2714936712967838,0.08312180225480499,0.021245722455828907
104,0.03325592504979805,0.5281647963521935,0.31903200573359053,0.09819513182884364,0.02135214103557425
105,0.03183407233273273,0.6324876564700788,0.2221114334583386,0.08953584524053695,0.02403099249831294
106,0.029974162197476013,0.6096359253948421,0.2608219415754879,0.07990401489360315,0.019663955938590865
107,0.034438430596642526,0.5532042199287991,0.2848768787005958,0.10560923257300947,0.021871238200953092
108,0.02992637615516194,0.6171634224475514,0.2454524549874867,0.08870338494548022,0.01875436146431977
109,0.03878152506000156,0.35994946780949544,0.4206818323627942,0.16041851584082803,0.020168658926880665
110,0.04287781008040447,0.43553966944321426,0.3528911234752031,0.14871575220341443,0.0199756447977637
111,0.050563076437167336,0.6373962867253153,0.21841942283602406,0.06957630580965496,0.02404490819183821
112,0.029324304645837383,0.6438330196796863,0.22409239830336822,0.08280465566372838,0.01994562170737975
113,0.03216302613005102,0.6479266947944196,0.19516822179877663,0.10637058534034675,0.018371471936406175
114,0.030429869234416904,0.54531369530602,0.2990478247529214,0.10513402069920817,0.020074590007433515
115,0.02751956424713797,0.6687362370302395,0.19291672712731628,0.09130455384608598,0.019522917749220076
116,0.03333264767756552,0.4632240675917212,0.35823284283045986,0.11822199792510638,0.02698844397514704
117,0.03358035340982614,0.5226159569637114,0.32302102388199194,0.09933195500183498,0.02145071074263544
118,0.03878152506000156,0.35994946780949544,0.4206818323627942,0.16041851584082803,0.020168658926880665
119,0.031331446694416995,0.41543790011685583,0.3703368343171531,0.16213130708801568,0.020762511783558552
120,0.033301392868300375,0.5542549654359877,0.26491437462531076,0.12326017201565197,0.02426909505474923
121,0.02927394076272152,0.5639574838109869,0.2924573283297529,0.09482736447093967,0.01948388262559907
122,0.036478814231356224,0.5977442411416394,0.22653264399293682,0.11676862648406015,0.022475674150007292
123,0.031280623318263784,0.5827776904199625,0.2618473559757285,0.10067871904196472,0.023415611244080477
124,0.036822790741431376,0.5247197888520501,0.3130765451791465,0.1053612587620343,0.020019616465337706
125,0.027139129545483785,0.7085380177877955,0.18532221909944965,0.06042769113069111,0.018572942436579934
126,0.029377592047379865,0.46564590030140735,0.39161730234527675,0.09221368839407205,0.021145516911863966
127,0.024086738911795427,0.5701063524206569,0.2729283657894179,0.10505465518544287,0.027823887692686834
128,0.033462698504837095,0.567646496683513,0.27705560660290357,0.10043761907765049,0.021397579131095894
129,0.033749186344591155,0.5766326575463879,0.26645609371568946,0.10168586145663572,0.021476200936695607
130,0.032122348581871414,0.4938650598415142,0.29238245837728943,0.15480925783869387,0.02682087536063097
131,0.03432211113901884,0.6388080115221924,0.2113190687456856,0.09537200281793204,0.02017880577517124
132,0.028041268288644942,0.6141272588612683,0.2527927885099959,0.08603060647064074,0.019008077869449948
133,0.03394497016080227,0.5702144546365557,0.2709750113320076,0.10320881056077434,0.021656753309860038
134,0.034438430596642526,0.5532042199287991,0.2848768787005958,0.10560923257300947,0.021871238200953092
135,0.027630906450419452,0.6044814380370673,0.25963263155615735,0.08915606653153782,0.01909895742481821
136,0.03529861798316711,0.43823541979363106,0.3583768666331003,0.1467538279191523,0.02133526767094928
137,0.03259143456190918,0.47643749895459037,0.3766978892291108,0.09324402624835532,0.021029151006034405
138,0.03675955467866572,0.6297852914918536,0.2172224885917347,0.09679527939939163,0.019437385838354207
139,0.0327619106601397,0.49738585272327107,0.3307772789195799,0.11643817234439521,0.022636785352614132
140,0.027707876349619326,0.5739247662515681,0.2389074249264718,0.1393002503843281,0.020159682088012734
141,0.034651954862989526,0.592716255025335,0.2704610107165683,0.0820643232264531,0.020106456168654238
142,0.03024449233591572,0.6056931057636212,0.245458026430067,0.09583112949651962,0.022773245973876487
143,0.047967397836157,0.4761881803831156,0.226465710087973,0.22489761500226704,0.02448109669048725
144,0.025470833110067478,0.6347129185489331,0.1926889082529736,0.12530399768534897,0.02182334240267688
145,0.03135437880083756,0.5234163181999372,0.32905347639047733,0.09572030176651328,0.020455524842234632
146,0.02987599527145126,0.5528227062465177,0.29102078304618795,0.10649550735361328,0.019785008082229882
147,0.04091731972081003,0.46696399522191395,0.36412985983819524,0.10878852492943655,0.01920030028964429
148,0.03529565469792609,0.5412417090411663,0.25086302443533304,0.15125210322346785,0.021347508602106602
149,0.03138912202474951,0.5426266161040939,0.24237018846676325,0.15586129070967786,0.027752782694715476
150,0.03597143394043995,0.44284253043785765,0.38054750707374085,0.12120749543951595,0.019431033108445517
151,0.033726966572003754,0.49667542197444275,0.27628616823378194,0.17044124195414279,0.0228702012656287
152,0.030750001818741685,0.49825423192207224,0.31966212803657135,0.1319882598184288,0.019345378404185844
153,0.024250027773221015,0.41017592925898444,0.49113507474251844,0.05802081863669287,0.016418149588583304
154,0.028266865469733057,0.7004107525604595,0.1923960933721165,0.06271615699090591,0.016210131606784837
155,0.031217162435666846,0.5505078568131563,0.3098762903280452,0.08811170614468132,0.02028698427845031
156,0.02983739360077146,0.5967414844050041,0.2667553620292379,0.08707319144145016,0.01959256852353632
157,0.030147533532594303,0.547547635141066,0.32282730372260915,0.07983123049884122,0.019646297104889323
158,0.0405337160934911,0.5964472420181764,0.19563312725968335,0.14371352405174487,0.02367239057690416
159,0.03394497016080227,0.5702144546365557,0.2709750113320076,0.10320881056077434,0.021656753309860038
160,0.029208146005911772,0.6533930766638034,0.2286382704469982,0.06913360262750777,0.019626904255778937
161,0.03158796129545234,0.6599868381026802,0.19094651543967306,0.09825243108777974,0.019226254074414653
162,0.03474302750177427,0.4791157249256204,0.3361629367777895,0.12927548452441448,0.020702826270401382
163,0.02674490457964746,0.7337302554383482,0.13232056489944446,0.08940023222967032,0.017804042852889564
164,0.028747782375384112,0.58207064063785,0.2776433399018317,0.0933230401260333,0.01821519695890095
165,0.04638999977549518,0.5974359554339708,0.21320380270903244,0.1218460652020081,0.021124176879493417
166,0.03456185386951665,0.5071194291758769,0.29314953890324885,0.13295418325186473,0.03221499479949283
167,0.0326930179500241,0.5682636302622246,0.2837389783446679,0.09433538695159241,0.020968986491490867
168,0.028244396153379266,0.6070155218586104,0.2639509761565713,0.07896816423699936,0.021820941594439505
169,0.03182865608878096,0.4965670584098496,0.3526835826897682,0.09836838023390855,0.020552322577692763
170,0.03415540698852008,0.5766407251875625,0.26315078534548714,0.10377958263784344,0.022273499840586797
171,0.033553824134304924,0.5562440922391874,0.28675062861265666,0.09289636261001388,0.030555092403837168
172,0.031178780391017038,0.5408214319498367,0.2695669516973523,0.13794213919029877,0.02049069677149515
173,0.03354477731585812,0.5430190210548835,0.2913529139357465,0.11067925186461294,0.021404035828898903
174,0.029146073164310227,0.43844142854173723,0.38443257490364985,0.1263020260110635,0.021677897379239218
175,0.032794711201763,0.5194951654833553,0.31456500172199064,0.11457095475828438,0.018574166834606682
176,0.035470635280576854,0.7566495461413234,0.12410397039741157,0.06620706035656293,0.017568787824125336
177,0.034336525854746745,0.3757366128913536,0.42143126547926996,0.14839702404486851,0.02009857172976109
178,0.03884311010538201,0.455899219419656,0.3623734802620814,0.12221440577212302,0.020669784440757646
179,0.038466416837444554,0.5275367742847171,0.2513832938492109,0.16156765011325872,0.021045864915368574
180,0.050563076437167336,0.6373962867253153,0.21841942283602406,0.06957630580965496,0.02404490819183821
181,0.03292935631467105,0.512366242422104,0.29423020514307974,0.13558901192052858,0.024885184199616543
182,0.034438430596642526,0.5532042199287991,0.2848768787005958,0.10560923257300947,0.021871238200953092
183,0.029208146005911772,0.6533930766638034,0.2286382704469982,0.06913360262750777,0.019626904255778937
184,0.03669121527273783,0.6237600864049571,0.1624494866373094,0.15460172978164372,0.022497481903352094
185,0.033342005017998076,0.49665500288235215,0.29830877106315634,0.15029111159737257,0.02140310943912091
186,0.03181085815476173,0.3794993979195558,0.42713322180870716,0.1408209142078982,0.020735607909077067
187,0.02876608439250544,0.705423013388416,0.16428700083846878,0.0824022459012067,0.01912165547940316
188,0.03878152506000156,0.35994946780949544,0.4206818323627942,0.16041851584082803,0.020168658926880665
189,0.04323467121796813,0.5837355475412476,0.2569143433019343,0.09472942734230383,0.02138601059654623
190,0.04894372054482725,0.4683372766072645,0.39238479828190137,0.0684757844985004,0.021858420067506466
191,0.03394497016080227,0.5702144546365557,0.2709750113320076,0.10320881056077434,0.021656753309860038
192,0.02700864223445985,0.46864424307934066,0.4077615282617698,0.07802343750522392,0.01856214891920572
193,0.033342005017998076,0.49665500288235215,0.29830877106315634,0.15029111159737257,0.02140310943912091
194,0.05232758337939942,0.4590710895742892,0.33562499463249496,0.13080451195855455,0.02217182045526182
195,0.03689775225064612,0.5081393945024952,0.3216487411362462,0.1124583575310648,0.02085575457954764
196,0.041095350817639154,0.5747616321757979,0.29324798708212896,0.07148994093510358,0.0194050889893306
197,0.03808774180869577,0.5226207455006623,0.23450815533517377,0.18196984156406268,0.022813515791405677
198,0.029210354984693924,0.62968554523759,0.24889433989374207,0.07401795755162202,0.018191802332352104
199,0.03355968781871429,0.5532393103522327,0.2919160257168579,0.09983837952166087,0.021446596590534113
200,0.027806696457513817,0.6167154708378229,0.22477033656947412,0.11043538709481084,0.02027210904037841
201,0.033886118551009835,0.45565234983425656,0.379287703379565,0.11133620555751435,0.019837622677654192
202,0.034438430596642526,0.5532042199287991,0.2848768787005958,0.10560923257300947,0.021871238200953092
203,0.034438430596642526,0.5532042199287991,0.2848768787005958,0.10560923257300947,0.021871238200953092
204,0.03266993693889917,0.43055049256919414,0.3519029035702662,0.1621564063824158,0.0227202605392247
205,0.04638999977549518,0.5974359554339708,0.21320380270903244,0.1218460652020081,0.021124176879493417
206,0.031263007840737614,0.5364222580293192,0.32590774616187007,0.0874818538754305,0.018925134092642747
207,0.03265381900458406,0.49833990196987893,0.352354537048247,0.09549973408254862,0.02115200789474147
208,0.034438430596642526,0.5532042199287991,0.2848768787005958,0.10560923257300947,0.021871238200953092
209,0.046546208332404866,0.5320333848661203,0.2737092202110386,0.12682339544229954,0.020887791148136742
210,0.032993485855309944,0.5674673867511748,0.27072659977865815,0.10564413322875593,0.023168394386101313
211,0.02976119456362275,0.5870305716038551,0.23034967305042459,0.132979639699747,0.019878921082350603
212,0.038947916784192654,0.3415685024139577,0.49409544416975887,0.09659395662350077,0.028794180008590044
213,0.03284633173887623,0.5934967417747662,0.2591499139307544,0.09289864964809096,0.021608362907512193
214,0.03128977328955793,0.5612537396163574,0.29680308619141726,0.09022438285134397,0.020429018051323425
215,0.03529220318986128,0.6964818816467135,0.16972962862810922,0.07973044406067778,0.01876584247463841
216,0.03128977328955793,0.5612537396163574,0.29680308619141726,0.09022438285134397,0.020429018051323425
217,0.030812957782782223,0.6465790943252496,0.22625904780434303,0.0784478745125841,0.017901025575040988
218,0.04543816597034064,0.5448012545975657,0.25942097418496624,0.12666621874663692,0.023673386500490473
219,0.03196253313001945,0.587899917492374,0.2647510336860827,0.09465382298404514,0.020732692707478725
220,0.03220817836269609,0.4610559278385571,0.36005710835154403,0.12240893258994359,0.02426985285725919
221,0.03570546565366742,0.3340150395127547,0.4159638697822423,0.1813828510253452,0.03293277402599043
222,0.03135224370324596,0.6011778935757697,0.26253902769962845,0.0859284201873755,0.019002414833980446
223,0.03545403955773873,0.6321483466605783,0.18677087460858446,0.123606705115619,0.022020034057479466
224,0.030985930697474344,0.5814760640150576,0.2805875359372701,0.08674875833389584,0.020201711016302283
225,0.05777611521149397,0.5758235085152384,0.24961374650936743,0.09544264082929141,0.021343988934608638
226,0.033150341762640034,0.6052544955292768,0.21518115344987265,0.12280816399383734,0.023605845264373135
227,0.03698216746513227,0.5332390262517194,0.2828145218047608,0.12239247036232578,0.024571814116061765
228,0.03908155606625364,0.5528018437509948,0.2798718702964197,0.10621462673498476,0.022030103151347083
229,0.03394497016080227,0.5702144546365557,0.2709750113320076,0.10320881056077434,0.021656753309860038
230,0.031006018467363363,0.608077773821441,0.2406632890123668,0.09234241839087592,0.02791050030795293
231,0.031009346772057644,0.5410929205431559,0.2333848702036441,0.16642451231379218,0.02808835016735018
232,0.04419063955188024,0.5448697497818173,0.28289618016511486,0.10674292968406807,0.021300500817119396
233,0.03604657536295016,0.42556197506255306,0.32032631296217007,0.1966966774185456,0.021368459193781098
234,0.024024019817894586,0.4798478987925528,0.38085813242567323,0.0807084637722767,0.03456148519160266
235,0.03238798294244477,0.445440466952535,0.2873937261616042,0.18897471767301943,0.04580310627039659
236,0.034438430596642526,0.5532042199287991,0.2848768787005958,0.10560923257300947,0.021871238200953092
237,0.03251288097816966,0.44609940052739905,0.37883516717996385,0.12304220207490107,0.019510349239566356
238,0.03328954279913798,0.5244861869925809,0.34687994979395964,0.07613740968266734,0.019206910731654134
239,0.035638931719531114,0.5733442530359687,0.22729308010949945,0.13986614925620744,0.023857585878793542
240,0.03768016561222813,0.5169658452030746,0.28818395189173435,0.128441382802423,0.028728654490539806
241,0.034438430596642526,0.5532042199287991,0.2848768787005958,0.10560923257300947,0.021871238200953092
242,0.030904976875012896,0.5650156811493983,0.22740013152981187,0.1508699712833938,0.025809239162383098
243,0.038551715319511674,0.5593499435402056,0.2269194913016374,0.13870096266049495,0.03647788717815049
244,0.027533002054776365,0.5286876778034801,0.3487644200543813,0.07659599295497527,0.01841890713238684
245,0.03445333809432791,0.6595512088854618,0.21905456123894998,0.06538045796927101,0.021560433811989275
246,0.028680549361982107,0.4955768768835918,0.3798305761099354,0.07701703798259656,0.018894959661894216
247,0.023196066955575457,0.6400386237964223,0.23049462809270596,0.08465957946859204,0.02161110168670407
248,0.029348839311766198,0.6705237934132218,0.1959772673115232,0.08486495012444295,0.0192851498390457
249,0.05105950200412211,0.6234908762369332,0.18917532443551102,0.1148773296644841,0.021396967658949516
250,0.034438430596642526,0.5532042199287991,0.2848768787005958,0.10560923257300947,0.021871238200953092
251,0.03446068996355648,0.5940528879727194,0.2272831672093901,0.12405301248494127,0.0201502423693927
252,0.03364985584557692,0.6050812421271441,0.23803231324468285,0.10083303790993539,0.02240355087266085
253,0.0338548013003354,0.4907373212317952,0.3516150661609917,0.10210675244513208,0.0216860588617457
254,0.026744218957063887,0.4703696147239508,0.22061699809794924,0.2545719084684643,0.027697259752571843
255,0.031030852539801795,0.5252639628849742,0.33586968330265204,0.08766694786851086,0.020168553404061172
256,0.033445403337287724,0.5515048229573701,0.28930185787543294,0.10604430483979801,0.019703610990111094
257,0.031936177706864875,0.5270866089401558,0.32556672514261414,0.09473415972977955,0.020676328480585697
258,0.05037754973139591,0.5431325818172799,0.2744857963402015,0.10755738531083991,0.024446686800282835
259,0.029207355339895418,0.47097718387881754,0.40256367605116733,0.07814728388926562,0.019104500840853893
260,0.02928124161061161,0.6174083514772157,0.256798031045307,0.07937766159470253,0.017134714272163128
261,0.028451577478107042,0.6399513618148142,0.219446847202163,0.09364380199842982,0.018506411506486065
262,0.03469615864538264,0.5746849517311969,0.2922279563201992,0.07933244596453637,0.019058487338684794
263,0.026744218957063887,0.4703696147239508,0.22061699809794924,0.2545719084684643,0.027697259752571843
264,0.034438430596642526,0.5532042199287991,0.2848768787005958,0.10560923257300947,0.021871238200953092
265,0.030976542373329023,0.5026559350340861,0.25667829235395984,0.18107055011482343,0.028618680123801626
266,0.037582831926534735,0.5644830545034893,0.24384946877998978,0.13246969770477537,0.02161494708521055
267,0.034438430596642526,0.5532042199287991,0.2848768787005958,0.10560923257300947,0.021871238200953092
268,0.02834057943951797,0.6589884476003,0.20280923481824947,0.0844629247839665,0.025398813357966173
269,0.022227125286876835,0.5625837222783743,0.3477479276812475,0.05229250803755866,0.01514871671594269
270,0.03268665046292582,0.4000611397885463,0.35334169622831374,0.17759576230535948,0.03631475121485474
271,0.032176656996177624,0.601368149346913,0.25495094034821,0.09088002001280401,0.02062423329589535
272,0.0335267868727676,0.5052677741356102,0.34124886208949695,0.09855024244914933,0.02140633445297597
273,0.029848195577315564,0.6201317778915526,0.23098988438498297,0.09946818280787725,0.019561959338271727
274,0.03139117599257241,0.6124586425793266,0.23551044653683523,0.10052439096811419,0.020115343923151684
275,0.03184779654846921,0.5565780161172641,0.3000282969765217,0.09089307749803544,0.020652812859709456
276,0.03169039148679855,0.6035312599926421,0.2212444926050205,0.12260691116930952,0.020926944746229272
277,0.03215739198600173,0.5719512953728515,0.270750522120118,0.10427985446373637,0.020860936057292324
278,0.03762532933089761,0.5761293734267573,0.25317368095809406,0.1071456160606949,0.0259260002235562
279,0.029043916596155964,0.48742353688176077,0.350918421148651,0.10927074886464645,0.02334337650878556
280,0.03370947524206214,0.5785292542031845,0.26547601269195253,0.10084956852324356,0.021435689339557303
281,0.034537874069686704,0.43100651881763535,0.38065282889467345,0.1344109326058934,0.019391845612111165
282,0.0439817769678448,0.5280257136148752,0.28794441698543244,0.11831799270959825,0.021730099722249322
283,0.038837663539806166,0.4338192904444271,0.35150358106247775,0.15580813144687203,0.020031333506416924
284,0.03960268134033533,0.5835188837071602,0.1748842994901604,0.17815056159972345,0.02384357386262069
285,0.03144748912359351,0.5878666816308777,0.2695846426925051,0.09103053917455568,0.020070647378467955
286,0.03285756818359456,0.6106310178205929,0.25241204959067104,0.08299381326429414,0.02110555114084729
287,0.03263766940991721,0.5454310846271363,0.26260788550683545,0.1358437182346604,0.023479642221450603
288,0.028324409395862667,0.5021883733768844,0.30179534924342727,0.14841207609948986,0.0192797918843358
289,0.034438430596642526,0.5532042199287991,0.2848768787005958,0.10560923257300947,0.021871238200953092
290,0.024086738911795427,0.5701063524206569,0.2729283657894179,0.10505465518544287,0.027823887692686834
291,0.034438430596642526,0.5532042199287991,0.2848768787005958,0.10560923257300947,0.021871238200953092
292,0.03613397098573194,0.5950147081850028,0.24975676599125685,0.09617855124868425,0.02291600358932422
293,0.03321448199677959,0.5965676744139766,0.2575371334619028,0.0921651871987831,0.02051552292855783
294,0.030865696420783125,0.6132294513801537,0.23531046235953323,0.10139930097218462,0.019195088867345236
295,0.034306051623121656,0.5421901130662837,0.26695418051833786,0.13454758824910845,0.02200206654314824
296,0.03343034985947462,0.5831865932045048,0.17232598592362172,0.18453848109457285,0.02651858991782588
297,0.03608947839906189,0.4797875281419662,0.3360917719613502,0.12550573693952888,0.022525484558092813
298,0.034917273346099606,0.5646628669679097,0.2402219031761882,0.13825985861937215,0.021938097890430386
299,0.0370071495229431,0.5559681425561475,0.29330637979263885,0.09347891895013019,0.02023940917814044
300,0.03344722517963436,0.5014372232351576,0.34633473188336406,0.0973792460023628,0.021401573699481247
301,0.040492125685369904,0.5590373752799475,0.2517414821851278,0.12849314764952688,0.02023586920002791
302,0.03394497016080227,0.5702144546365557,0.2709750113320076,0.10320881056077434,0.021656753309860038
303,0.02585346916923101,0.6731533934066265,0.20189004977572597,0.08132214396705287,0.017780943681363733
304,0.034438430596642526,0.5532042199287991,0.2848768787005958,0.10560923257300947,0.021871238200953092
305,0.042334287010278755,0.4907185783139498,0.2992957454835215,0.14386920036625142,0.02378218882599854
306,0.03144655740957502,0.5918487549799137,0.25883949236935017,0.09734852253527054,0.02051667270589059
307,0.032717919303582095,0.45716608160734956,0.3305369077503751,0.15619060032883386,0.02338849100985947
308,0.032843022939871694,0.5774969033330741,0.23823719455401615,0.13023073034181612,0.021192148831221957
309,0.030988609556368455,0.6241370484686499,0.24321669065257878,0.08125728372312287,0.020400367599279785
310,0.034696323181189405,0.5341983696192035,0.2677198337686558,0.14119157673268692,0.022193896698264236
311,0.03224430373677301,0.5945300408797461,0.25758346037145885,0.0948404106862878,0.020801784325734138
312,0.029660163426988784,0.48199082875339655,0.3875576306556265,0.0813480329985299,0.019443344165458256
313,0.03411144128445608,0.6466862309451683,0.22629216523773069,0.07497741833797206,0.01793274419467286
314,0.040582496278719994,0.5894940096978489,0.2136716753163684,0.12854699357776384,0.027704825129298723
315,0.03158478701408047,0.5763899680656451,0.27013146901247254,0.10138978578968318,0.020503990118118907
316,0.03329944759225396,0.5243388180297166,0.3320362979084284,0.08994299486292397,0.020382441606677078
317,0.025363700579502498,0.7917951686934196,0.11863093701187886,0.04632348715513912,0.01788670656005995
318,0.0389572411254401,0.5422524258579801,0.3059417389044936,0.09158596841958262,0.0212626256925035
319,0.033912590144609525,0.4939993873253514,0.2821767208992579,0.1509140603737145,0.03899724125706665
320,0.029709004481835204,0.5617752729658123,0.31065538879440613,0.07915198844385374,0.018708345314092746
321,0.0378620691779838,0.5866200733170857,0.22955601654902616,0.12404611240078241,0.021915728555122003
322,0.02709524538221055,0.6721329908664897,0.19967229774922057,0.08273292792706541,0.018366538075013733
323,0.032784397971743554,0.5692185789253796,0.2641634291742407,0.11566667618685969,0.018166917741776593
324,0.03566110205895715,0.6195487920773918,0.1907328103392578,0.13190867812065984,0.022148617403733556
325,0.03425313343682867,0.5414908791250639,0.29502471635129507,0.10619844943173086,0.023032821655081477
326,0.03189457170979254,0.6548244412674378,0.19878725712200296,0.0959937868154437,0.018499943085322976
327,0.034438430596642526,0.5532042199287991,0.2848768787005958,0.10560923257300947,0.021871238200953092
328,0.03147517149500574,0.5188262288644289,0.3210306109647481,0.10809778321150791,0.02057020546430933
329,0.032348456283999495,0.625014182336284,0.24140668752351144,0.0817897809148236,0.019440892941381415
330,0.030932282225334028,0.5283849551465581,0.3279973659650828,0.09224289534921684,0.020442501313808224
331,0.03310342966717092,0.574196278331561,0.2567554885742932,0.11461664530364954,0.021328158123325447
332,0.039443820305265706,0.3660780593425748,0.46022891326053367,0.11416757095076846,0.020081636140857385
333,0.03374602897694403,0.6310836634145025,0.20807135406483623,0.10471404027963635,0.02238491326408091
334,0.033125562783791876,0.5384395815036737,0.31095214131469934,0.09635040469646852,0.021132309701366602
335,0.03621234340895081,0.7038848028032013,0.1535375926290879,0.08331385720239359,0.023051403956366245
336,0.03275352031673866,0.5879259735194927,0.25296793442317406,0.10522480364376276,0.021127768096831787
337,0.02976119456362275,0.5870305716038551,0.23034967305042459,0.132979639699747,0.019878921082350603
338,0.03877442706782777,0.5184079154524821,0.31965701652811535,0.10222292502840596,0.020937715923168867
339,0.02981529344766413,0.5485103321428028,0.3206352714954641,0.08149683090804585,0.019542272006022987
340,0.034438430596642526,0.5532042199287991,0.2848768787005958,0.10560923257300947,0.021871238200953092
341,0.032051353980264,0.5586934867189344,0.255894537001,0.12731221198270237,0.026048410317099237
342,0.025213851269942366,0.5610031201977977,0.30778751959705664,0.08406873184803332,0.021926777087170054
343,0.034907014796014206,0.5467944311541958,0.16412195617010153,0.2272060420193985,0.02697055586028993
344,0.0316761184593776,0.5969409645109836,0.2563906548988268,0.09497630983472374,0.02001595229608823
345,0.03319113842621602,0.554255217159134,0.28354416144247335,0.1077053614544057,0.021304121517771092
346,0.03486631857295696,0.448957813999582,0.36749639738897727,0.11504161769246345,0.03363785234602036
347,0.029724542153078345,0.4244298005852546,0.4284137957682288,0.09940962069477938,0.018022240798658842
348,0.028006952921608767,0.5934564036059456,0.27607695677050875,0.08263115464455013,0.019828532057386543
349,0.033302786856804545,0.5493679648468283,0.2973873832724569,0.09859504066955457,0.02134682435435564
350,0.034438430596642526,0.5532042199287991,0.2848768787005958,0.10560923257300947,0.021871238200953092
351,0.030399930403654525,0.40806977552199136,0.46028726197279385,0.08135803974812618,0.01988499235343407
352,0.034438430596642526,0.5532042199287991,0.2848768787005958,0.10560923257300947,0.021871238200953092
353,0.02525890979951911,0.39949561984324355,0.43219788309577417,0.12218574912301128,0.020861838138451973
354,0.031509580483857276,0.4226940322683919,0.4002959439353292,0.1251392501294217,0.020361193182999823
355,0.034438430596642526,0.5532042199287991,0.2848768787005958,0.10560923257300947,0.021871238200953092
356,0.03342130578384426,0.5881776593107892,0.25757693807444737,0.09952021584246286,0.021303880988456304
357,0.033815894004923984,0.60027175091864,0.26130649183345833,0.08245090755933016,0.02215495568364746
358,0.02999907940146651,0.49651747459517515,0.3509161260295077,0.10277317587052383,0.01979414410332683
359,0.034438430596642526,0.5532042199287991,0.2848768787005958,0.10560923257300947,0.021871238200953092
360,0.029508294056863307,0.6924580128722495,0.18653533527626856,0.0717943857871769,0.019703972007441648
361,0.03275352031673866,0.5879259735194927,0.25296793442317406,0.10522480364376276,0.021127768096831787
362,0.0268256559513794,0.5026198369221899,0.37365407709951326,0.07888813051690297,0.01801229951001452
363,0.03506751405063028,0.589140414461017,0.26486559400336807,0.09048962471491197,0.020436852770072903
364,0.035611839983733816,0.5296748453308767,0.3200180132059299,0.09411535166924867,0.020579949810210912
365,0.03394497016080227,0.5702144546365557,0.2709750113320076,0.10320881056077434,0.021656753309860038
366,0.04397655973688485,0.5811368651378539,0.2610751296399481,0.09254436048882277,0.02126708499649018
367,0.025819492399192796,0.5354069577603796,0.3473892675079275,0.06835409090564962,0.02303019142685033
368,0.034338829311224284,0.5128455045478739,0.3422707788227244,0.08992832149232291,0.020616565825854548
369,0.023256271015091343,0.6557937956500501,0.2513325811046127,0.05031052725308718,0.01930682497715875
370,0.0399110191095951,0.5543959088998363,0.24179777661560736,0.14236869575440017,0.02152659962056111
371,0.03532687850668516,0.6430280590069029,0.19710097253019315,0.10404138381166085,0.02050270614455819
372,0.034438430596642526,0.5532042199287991,0.2848768787005958,0.10560923257300947,0.021871238200953092
373,0.039796040486968144,0.5825287985943632,0.25718597656288156,0.10073593220594278,0.0197532521498442
374,0.023730429856926232,0.8134213849371572,0.08933720920937703,0.056827674400643284,0.01668330159589622
375,0.036840843654422584,0.6339199702681977,0.2096370729571819,0.09944294835634368,0.02015916476385424
376,0.027356995611762358,0.4966801956501069,0.3638238452117357,0.09496845326121643,0.017170510265178553
377,0.032585642869092164,0.5086186900652641,0.320884103106144,0.11292811618067468,0.024983447778825184
378,0.02909748167786071,0.5823232318114289,0.24051364794787852,0.12688786922105694,0.021177769341774882
379,0.03867500951830216,0.5632682856812198,0.2736083795686279,0.10313860696070119,0.02130971827114921
380,0.03197677384385092,0.5789974937716497,0.271237213946024,0.10096811781951953,0.016820400618955934
381,0.03251239285660698,0.5597950041435502,0.29299159293195,0.09263661820437305,0.02206439186351978
382,0.03297114883261163,0.5498770932661791,0.2887469873816105,0.10722768477088157,0.021177085748717343
383,0.037039618005466506,0.5650466875422953,0.21951147917595273,0.1571511400415708,0.02125107523471471
384,0.030778318979914197,0.5731683444030026,0.27676388952225667,0.09920525990229871,0.020084187192527726
385,0.02810410155855558,0.609134546667559,0.256065491697803,0.08530607726602175,0.021389782810060633
386,0.02976119456362275,0.5870305716038551,0.23034967305042459,0.132979639699747,0.019878921082350603
