,class1,class2,class3,class4,class5
0,0.04593118053353876,0.0016307624031258524,0.3141940041165207,0.42710430334556204,0.2111397496012527
1,0.017641435847670365,0.4177081993564789,0.370133077611509,0.1730016940610178,0.021515593123323906
2,0.8202009569461476,0.0008222207068448281,0.03889747862286209,0.13065194620981818,0.009427397514327198
3,0.09024660582195825,0.3053354752613031,0.42066259065671985,0.0997852983368453,0.08397002992317343
4,0.01642170244171301,0.9468109655499485,0.021222654234407813,0.015053128263364609,0.0004915495105660925
5,0.20893491155043678,0.04773772051577256,0.4834697481933368,0.20699868066105484,0.052858939079398946
6,0.3509917327670846,0.45260047518000585,0.06516756255302665,0.10954806326385784,0.021692166236025136
7,0.01988990157003526,0.4105638306794982,0.1829498605760979,0.2233763061588551,0.16322010101551343
8,0.011479868453451114,0.7473584007628213,0.028253414894810935,0.19052659821261922,0.022381717676297465
9,0.014346721188245455,0.3819090754016298,0.5754383722482043,0.0025710117613507847,0.02573481940056978
10,0.09024660582195825,0.3053354752613031,0.42066259065671985,0.0997852983368453,0.08397002992317343
11,0.07631961879105441,0.5877305200248397,0.10006121522315857,0.19788419548603858,0.03800445047490883
12,0.00895356741326927,0.6819490192111758,0.020439142875791783,0.2538934336166431,0.03476483688312017
13,0.009477127846902815,0.11100473057305105,0.19667607216778052,0.653727911964487,0.02911415744777867
14,0.07403597804668001,0.01829807713189646,0.022615942651458863,0.5172852770059961,0.3677647251639686
15,0.04624272838608696,0.5158946939865559,0.2310315416073493,0.15279427845806312,0.054036757561944884
16,0.005114595580502922,0.07352755910847937,0.048477181238254355,0.8674168630848461,0.0054638009879172346
17,0.09533067778482668,0.10932124975036606,0.5375372426526267,0.1495895293362816,0.1082213004758989
18,0.08800728760117071,0.22484187356792906,0.6408164164231025,0.006279544138243922,0.04005487826955384
19,0.12096535019568695,0.0015520986777363634,0.6903883225545642,0.1770753220727922,0.010018906499220416
20,0.0767272346739073,0.19955118673004724,0.6249745087234517,0.025519202052343114,0.07322786782025074
21,0.06190255801086497,0.027578717302376522,0.24188668070353725,0.6207535081358667,0.04787853584735456
22,0.04851195559489266,0.4440390641289379,0.3476564155436752,0.0747167222847429,0.08507584244775139
23,0.252778734077022,0.007306366074476488,0.4865593133090386,0.18661728090825244,0.06673830563121048
24,0.8116008942813593,0.030553573329977626,0.08097949727894879,0.031116164112607918,0.04574987099710625
25,0.14541651294491614,0.3133421824396028,0.4300653374812431,0.08098561010958116,0.030190357024656736
26,0.009683216235838758,0.5822894246889897,0.15788661972199933,0.2150721403467905,0.035068599006381755
27,0.09024660582195825,0.3053354752613031,0.42066259065671985,0.0997852983368453,0.08397002992317343
28,0.09024660582195825,0.3053354752613031,0.42066259065671985,0.0997852983368453,0.08397002992317343
29,0.12975165949525766,0.022636440263831985,0.6588167304810925,0.17234874960198096,0.016446420157836966
30,0.05536762354066314,0.034745115648008085,0.4051429548362234,0.4902918683066299,0.014452437668475553
31,0.03219788270537239,0.409187618929494,0.42470499469262246,0.10877788827388188,0.025131615398629167
32,0.07470652311141585,0.32738974244659746,0.36420343624814844,0.13865503978197455,0.09504525841186379
33,0.028570661964979455,0.05494768136165176,0.8378255999834776,0.0044297398033317035,0.07422631688655962
34,0.06670103688341426,0.005961505055271229,0.897023817855735,0.00693099452968211,0.02338264567589744
35,0.10410707025668954,0.3568623530358723,0.3243131999094014,0.11660956992188282,0.09810780687615409
36,0.03097565321243634,0.005071428001100057,0.6566192188698111,0.24479129608582664,0.06254240383082563
37,0.05036955629813291,0.8690664742670364,0.020886436745277782,0.03868890840152218,0.020988624288030736
38,0.09024660582195825,0.3053354752613031,0.42066259065671985,0.0997852983368453,0.08397002992317343
39,0.019357486950888087,0.14013122733749875,0.7673838004454708,0.021544511767036405,0.05158297349910594
40,0.03286455988994815,0.8584469962638483,0.0236631466364261,0.04632814409574752,0.038697153114029936
41,0.04470414608689109,0.038839887662861776,0.8550745310169238,0.011714148120722,0.0496672871126014
42,0.0766744521919302,0.0800773694936434,0.6850842158006583,0.08481980318489242,0.07334415932887568
43,0.09024660582195825,0.3053354752613031,0.42066259065671985,0.0997852983368453,0.08397002992317343
44,0.013198081063063095,0.9088653776611864,0.03417466998617759,0.02429975574477717,0.019462115544796026
45,0.016404300093744207,0.021305279234076983,0.5069219044125212,0.4083942860571498,0.046974230202507766
46,0.016130878733238478,0.5103896145655509,0.4035544976826034,0.057948083908691495,0.01197692510991575
47,0.057446182498275565,0.07702850902822089,0.6143986592335625,0.21014657867052355,0.04098007056941756
48,0.04378698692711107,0.42285718040662323,0.2405706499406333,0.17221369336737702,0.12057148935825555
49,0.08399682690345756,0.5470678456593865,0.03761379038999876,0.2713095145044619,0.06001202254269546
50,0.12270903575993586,0.0733190399700534,0.6461183476588387,0.10977310097914998,0.04808047563202212
51,0.046073189878817325,0.0011237682824541677,0.9119655804923607,0.015334567303327619,0.025502894043040014
52,0.07920326065888073,0.11330098242613262,0.7770486105468207,0.02257959595663453,0.007867550411531352
53,0.00785056452511803,0.6821701058194939,0.21204265062312333,0.0777516349458084,0.02018504408645625
54,0.14753779240870415,0.47629253751721146,0.06239163341399924,0.23474146650446273,0.0790365701556225
55,0.09024660582195825,0.3053354752613031,0.42066259065671985,0.0997852983368453,0.08397002992317343
56,0.07619880277972323,0.44930637496402115,0.041258019391527755,0.38373744014226796,0.049499362722460034
57,0.10410707025668954,0.3568623530358723,0.3243131999094014,0.11660956992188282,0.09810780687615409
58,0.021965167181231555,0.8155533660260545,0.09153686469670483,0.017613726377708576,0.0533308757183006
59,0.029505493735892566,0.5742583556099645,0.20154168877749062,0.05566045180314476,0.1390340100735075
60,0.014522731496264997,0.3089177322517682,0.07964137823239842,0.45319701239218113,0.14372114562738722
61,0.08715677888320571,0.45069759625479444,0.19041515225684444,0.18202585383082617,0.08970461877432923
62,0.009380161922249837,0.9771654596835647,0.003546562222633347,0.0016963618138645215,0.008211454357687591
63,0.47992835545345136,0.4725650613472142,0.04555316194032087,0.0015487513772276594,0.0004046698817859289
64,0.006024307924608133,0.9403937891113662,0.0008266828149294207,0.028441550434878844,0.024313669714217556
65,0.07478957887179113,0.8277855790785285,0.03233463815162822,0.02776365868128281,0.03732654521676952
66,0.01127399241204185,0.21886681220843604,0.4048420966962327,0.23648480328981344,0.12853229539347596
67,0.11253339245577886,0.13789190630732784,0.5217890122493958,0.20014113858088708,0.027644550406610485
68,0.10853075315178251,0.027752671092861475,0.6001188157932833,0.25653492289387486,0.007062837068197929
69,0.09590980910578487,0.14865372257230955,0.2624343631432022,0.37096175699100925,0.12204034818769421
70,0.06914507038431354,0.17660822667972484,0.41271158162342425,0.17373496921118942,0.1678001521013481
71,0.11522348327990362,0.003710859454209496,0.39878125174386947,0.4674430146426513,0.014841390879366204
72,0.1415666819586858,0.6936894060596775,0.07198668870322292,0.05443621436054675,0.03832100891786699
73,0.018358960122833414,0.5756901691678826,0.249067222563943,0.13117076261119398,0.025712885534147172
74,0.09024660582195825,0.3053354752613031,0.42066259065671985,0.0997852983368453,0.08397002992317343
75,0.09024660582195825,0.3053354752613031,0.42066259065671985,0.0997852983368453,0.08397002992317343
76,0.07969954196606831,0.07651454406821188,0.6810214722906558,0.08844314038922255,0.0743213012858414
77,0.011846673176702426,0.27391782009672927,0.6316765962197755,0.046448311792968926,0.036110598713823966
78,0.22477019651104804,0.0019381760865653983,0.6240003941278303,0.12049909463883982,0.02879213863571639
79,0.02471336116686014,0.023354138521270943,0.8632838430370819,0.06869115421432473,0.019957503060462393
80,0.0409658979805027,0.8903640075007423,0.04482219798637166,0.005479537807224778,0.018368358725158584
81,0.0409658979805027,0.8903640075007423,0.04482219798637166,0.005479537807224778,0.018368358725158584
82,0.09024660582195825,0.3053354752613031,0.42066259065671985,0.0997852983368453,0.08397002992317343
83,0.035089623611477605,0.2354991354184588,0.002438136559356956,0.20438139665920232,0.5225917077515043
84,0.08497440436982669,0.679898860016899,0.10462465622795329,0.09441716468491254,0.03608491470040843
85,0.02623365472311033,0.8559329103961744,0.06325724677943943,0.030686832587719984,0.02388935551355583
86,0.09024660582195825,0.3053354752613031,0.42066259065671985,0.0997852983368453,0.08397002992317343
87,0.10410707025668954,0.3568623530358723,0.3243131999094014,0.11660956992188282,0.09810780687615409
88,0.11135506822302353,0.4722143777600899,0.06366729916878744,0.29471787085615025,0.05804538399194874
89,0.07240325191130137,0.3093480080038776,0.33344449210333793,0.23439342192828705,0.05041082605319617
90,0.019340104874117994,0.7480563208981279,0.11723944857613836,0.08229080466586955,0.03307332098574616
91,0.06872777564098066,0.21504465980223303,0.5420607325257386,0.09265784839269402,0.08150898363835356
92,0.05674248330941039,0.3121843298981222,0.3452514819875961,0.2027749910317835,0.08304671377308755
93,0.23268145480814784,0.012565099270510884,0.23664422148018585,0.5170254422316946,0.0010837822094608644
94,0.021561159177192344,0.633629867532455,0.05955414349139477,0.28098650808240827,0.004268321716549727
95,0.14944731935511904,0.026870002219443894,0.6825119499196715,0.08687710973939264,0.054293618766372995
96,0.08050409669020983,0.05165961254345569,0.017393997045822635,0.76301127686074,0.08743101685977185
97,0.09024660582195825,0.3053354752613031,0.42066259065671985,0.0997852983368453,0.08397002992317343
98,0.09024660582195825,0.3053354752613031,0.42066259065671985,0.0997852983368453,0.08397002992317343
99,0.06783304909311424,0.02450378551551656,0.8622120250470193,0.0051429714795163135,0.04030816886483369
100,0.050232162761105995,0.356433226028296,0.36143464965987776,0.039443669377603956,0.19245629217311647
101,0.0033683735018160644,0.9096879511259033,0.05733267271887318,0.006847073002668423,0.02276392965073885
102,0.0013033878331669094,0.6956726193858327,0.003225842131859552,0.25936299160948595,0.040435159039654764
103,0.05646992388700595,0.39024177576064767,0.4156029442855622,0.07398055114491268,0.06370480492187136
104,0.0766744521919302,0.0800773694936434,0.6850842158006583,0.08481980318489242,0.07334415932887568
105,0.03647034725205336,0.8116901405636698,0.03656628408637506,0.042372835055693135,0.07290039304220859
106,0.03166884986057247,0.6980987488743302,0.23459494568266093,0.0042662919149234115,0.03137116366751301
107,0.09024660582195825,0.3053354752613031,0.42066259065671985,0.0997852983368453,0.08397002992317343
108,0.07670648581524322,0.49752784015790336,0.3075573788908527,0.08561546997863437,0.03259282515736641
109,0.12975165949525766,0.022636440263831985,0.6588167304810925,0.17234874960198096,0.016446420157836966
110,0.34977579181963786,0.00013551299215599277,0.474785248636802,0.17513983528689417,0.00016361126450995745
111,0.07013312969916712,0.8143265660428389,0.03954849723003808,0.018769984371108057,0.057221822656847846
112,0.0012323072447038765,0.5464694117649698,0.44446280623861156,0.0022674100590488024,0.0055680646926660575
113,0.0614072824852146,0.8648339156736589,0.0006922093218080835,0.07171337772073338,0.001353214798584975
114,0.026976917167408413,0.1440484430973702,0.32087205366541177,0.4438330164828962,0.06426956958691349
115,0.011807664239699502,0.9421819319077563,0.0003606334418417463,0.03966909321501625,0.005980677195686086
116,0.07324457559682039,0.06233737286535263,0.600625112087176,0.09849324822085183,0.16529969122979923
117,0.09896134798908021,0.13401594525458638,0.6099536268307206,0.06116384994392392,0.09590522998168882
118,0.12975165949525766,0.022636440263831985,0.6588167304810925,0.17234874960198096,0.016446420157836966
119,0.0025232308774330615,0.00045724215292444243,0.5147294462163454,0.4799702660019327,0.002319814751364356
120,0.07273564460477082,0.39720031020934493,0.3481233197362597,0.09580725001413101,0.08613347543549339
121,0.016033548866890342,0.4505414727008828,0.51087624245721,0.006115148109114295,0.016433587865902672
122,0.07896903930694547,0.5254034119660856,0.16248830530865727,0.15081236613211238,0.08232687728619925
123,0.04278636538087826,0.4108311293649767,0.40945512621902136,0.05186421964111539,0.08506315939400827
124,0.1603289387866462,0.026483726453656303,0.6849676812147937,0.1043505185669199,0.02386913497798382
125,0.007231751080074827,0.9573068442572366,0.016237731182161957,0.0012771556463316098,0.017946517834195177
126,0.009458471731063926,0.05164340532885354,0.8992402083544201,0.0063910507530837496,0.03326686383257868
127,0.01127399241204185,0.21886681220843604,0.4048420966962327,0.23648480328981344,0.12853229539347596
128,0.08541281004994014,0.4170662474126981,0.2795785650307165,0.11613394511615109,0.10180843239049425
129,0.09080622895889143,0.3108870479545441,0.4136643623882204,0.10044180326137825,0.0842005574369658
130,0.06613357254076282,0.11475953481760183,0.6002283113830308,0.12377663462390903,0.09510194663469548
131,0.03237668653866158,0.7304760045618774,0.11086174111880073,0.07431639873804256,0.05196916904261766
132,0.024101216098737537,0.5972676321834806,0.22572160635274205,0.11214476646483765,0.04076477890020214
133,0.10410707025668954,0.3568623530358723,0.3243131999094014,0.11660956992188282,0.09810780687615409
134,0.09024660582195825,0.3053354752613031,0.42066259065671985,0.0997852983368453,0.08397002992317343
135,0.01797524980083738,0.8778827205515923,0.08799340016818233,0.0038884157660653744,0.012260213713322556
136,0.048235656008302624,0.012368688640662788,0.6836188696265895,0.23593007654416065,0.019846709180284455
137,0.05417600393825792,0.03515060154415881,0.8017022246211726,0.041469380295005215,0.06750178960140563
138,0.11113261082423327,0.8420657063284696,0.03592001395205729,0.009441723582525822,0.0014399453127141968
139,0.030749948071561024,0.011735236419231276,0.8958608322065612,0.03095659208093357,0.030697391221712896
140,0.007174499550850184,0.6178513396701862,0.016294767163284478,0.34436062254059546,0.014318771075083645
141,0.09216954866760185,0.6736980139480835,0.10989234232829803,0.049609913930393504,0.07463018112562324
142,0.012842872196698434,0.41402941702483115,0.309241480015091,0.1906064018335808,0.07327982892979862
143,0.16710299023958927,0.017302625388190156,0.017256843943674893,0.751531628871516,0.04680591155702974
144,0.010304972818132866,0.8670531590556136,0.06487284386794147,0.0443125001097724,0.013456524148539643
145,0.02298383250102559,0.25199531689741855,0.6195352454360721,0.07045871090343447,0.035026894262049295
146,0.01795805744473657,0.5929274704705568,0.19793061560573327,0.16839969346410325,0.022784163014870098
147,0.25071101166278853,0.007223100025600738,0.7205602494359428,0.019210677024345688,0.0022949618513223666
148,0.012345703779287252,0.48655450017505897,0.12835501631993246,0.3681878494913566,0.0045569302343646525
149,0.04968332571967777,0.3211217388696004,0.2908207089551381,0.2343025712059956,0.10407165524958804
150,0.041879371116337806,0.0022837924735977567,0.7452442429727886,0.206856701934229,0.0037358915030469004
151,0.01137766122168681,0.0028365880646840217,0.19511302767011313,0.7708452706508497,0.019827452392666377
152,0.004309479431177345,0.1143978549711738,0.7390401996140916,0.13899653064092396,0.0032559353426333077
153,0.01759134166339365,0.1684731225796965,0.7491466931247783,0.01874204714424924,0.04604679548788225
154,0.06412523225094506,0.8417003769454282,0.07186164338296507,0.011009203476026217,0.01130354394463557
155,0.0715439338086401,0.20367531360600902,0.5573092810336091,0.13614362963896007,0.031327841912781824
156,0.024535435208034084,0.3754206859649458,0.5242429489985421,0.03135369060669943,0.044447239221778644
157,0.05706846901763877,0.38812867314631194,0.5037171182663255,0.019722165628391155,0.031363573941332545
158,0.0396011206440734,0.5703680538989642,0.0013579933151035798,0.364822436169389,0.023850395972469796
159,0.10410707025668954,0.3568623530358723,0.3243131999094014,0.11660956992188282,0.09810780687615409
160,0.035974567872432445,0.7772453217135812,0.12363864319022136,0.022417992645970376,0.04072347457779457
161,0.004569024324002314,0.9847728867438337,0.0032181453755387814,0.007212964795728179,0.00022697876089692272
162,0.04988096370182681,0.004036930435938853,0.6422255641687817,0.28851435868916575,0.015342183004286771
163,0.07138479630061882,0.7181621013321012,0.05972537351724592,0.11046276116497723,0.0402649676850569
164,0.019434651208100454,0.44137900776426797,0.4839661078508726,0.04857146287621461,0.006648770300544406
165,0.11135506822302353,0.4722143777600899,0.06366729916878744,0.29471787085615025,0.05804538399194874
166,0.03524962355205265,0.16055742741179194,0.5224584421995571,0.008093398455067445,0.2736411083815309
167,0.0762160168675773,0.4651830402843486,0.34487835458757093,0.04270241164957922,0.07102017661092397
168,0.013743170850212613,0.7861427250861431,0.13319912019351385,0.02668308110438718,0.040231902765743205
169,0.05387714373806536,0.044529488739482315,0.7707781029588251,0.10826394390550383,0.02255132065812324
170,0.22174095830666404,0.24987147410550548,0.10373047782548157,0.17871837699663523,0.24593871276571375
171,0.0750319280908808,0.21560934061226272,0.2637595232308852,0.05072458840711016,0.3948746196588612
172,0.10182066103926816,0.3410583120702405,0.21300290863675772,0.2807343958436553,0.06338372241007825
173,0.08037207443322178,0.28333184643371767,0.4855389647316019,0.07486892869940133,0.07588818570205727
174,0.00930904190853085,0.07314120478108353,0.5087669960209439,0.39212835309154875,0.016654404197893043
175,0.11720979796995183,0.04769949759825683,0.6700120463392399,0.1586691007243126,0.0064095573682387535
176,0.05036955629813291,0.8690664742670364,0.020886436745277782,0.03868890840152218,0.020988624288030736
177,0.10619329312590074,0.0016747325876190348,0.6805943237621439,0.20518064149563164,0.006357009028704717
178,0.21049018540824965,0.009292134420365512,0.6963493483072558,0.07863169744424074,0.005236634419888427
179,0.040728814616730655,0.07038920895637861,0.46511622594268337,0.4219593952145684,0.001806355269638974
180,0.07013312969916712,0.8143265660428389,0.03954849723003808,0.018769984371108057,0.057221822656847846
181,0.052587831214789625,0.08849112679071708,0.5489551816081776,0.141646925997355,0.16831893438896064
182,0.09024660582195825,0.3053354752613031,0.42066259065671985,0.0997852983368453,0.08397002992317343
183,0.035974567872432445,0.7772453217135812,0.12363864319022136,0.022417992645970376,0.04072347457779457
184,0.005253284824361423,0.5186868922875226,0.020567492145457996,0.45117573374770725,0.00431659699495048
185,0.0692825947960842,0.28952260092046583,0.4815105321560674,0.10982702113429685,0.049857250993085765
186,0.046305973547442675,0.007975533138123042,0.6987900650065002,0.2191701808925208,0.02775824741541332
187,0.018507970698817724,0.9457963636765712,0.00053176283338214,0.014420348716376716,0.02074355407485219
188,0.12975165949525766,0.022636440263831985,0.6588167304810925,0.17234874960198096,0.016446420157836966
189,0.13807784592478994,0.6447707307513745,0.01978412535533243,0.13501506366287536,0.062352234305627786
190,0.1583324280576149,0.2289202090100335,0.5424368715649112,0.013558621954897095,0.05675186941254341
191,0.10410707025668954,0.3568623530358723,0.3243131999094014,0.11660956992188282,0.09810780687615409
192,0.011460465297730812,0.022567718072848623,0.9102491414461328,0.026873486321167088,0.028849188862120564
193,0.0692825947960842,0.28952260092046583,0.4815105321560674,0.10982702113429685,0.049857250993085765
194,0.3352206001602915,0.005529168840282483,0.4763065859728748,0.16708921154516998,0.01585443348138133
195,0.06786616270604458,0.13322779472244228,0.7394658694768296,0.05052068077386652,0.008919492320817166
196,0.08940908528368868,0.08300927657139605,0.7626362265335933,0.012318509639059129,0.05262690197226274
197,0.14416147660183476,0.08982357507064162,0.08419037016370293,0.5702220754265706,0.1116025027372501
198,0.010273008630169236,0.5314953876759114,0.4129021821531604,0.012094182012638295,0.03323523952812066
199,0.12699452011774023,0.36635379436629595,0.3026154040532358,0.07937624472907782,0.12466003673365014
200,0.0027181591069316844,0.8817539252918681,0.004298859107564374,0.06541272296186003,0.045816333531775694
201,0.06492828270282901,0.03231223138664972,0.7979671421834622,0.08667467155593213,0.01811767217112705
202,0.09024660582195825,0.3053354752613031,0.42066259065671985,0.0997852983368453,0.08397002992317343
203,0.09024660582195825,0.3053354752613031,0.42066259065671985,0.0997852983368453,0.08397002992317343
204,0.03944688336399688,0.0590505216589485,0.6943348798244239,0.13169815188685643,0.07546956326577439
205,0.11135506822302353,0.4722143777600899,0.06366729916878744,0.29471787085615025,0.05804538399194874
206,0.019866375286526308,0.05325771961406619,0.8978117250416235,0.010695026283822798,0.01836915377396109
207,0.06477040694165306,0.021862839920788996,0.8007135200983512,0.043381976997413814,0.06927125604179299
208,0.09024660582195825,0.3053354752613031,0.42066259065671985,0.0997852983368453,0.08397002992317343
209,0.1296851184053318,0.44660157125264927,0.2745811090738813,0.1332582062476063,0.015873995020531374
210,0.0023517398112295872,0.06667937703713914,0.7665130634523415,0.14956151347818727,0.014894306221102492
211,0.03219788270537239,0.409187618929494,0.42470499469262246,0.10877788827388188,0.025131615398629167
212,0.138325161924311,0.00012914764333956004,0.8357446322848653,0.006491247120397675,0.01930981102708641
213,0.024752013710769773,0.843810946723698,0.006656247262525821,0.05661274648120471,0.0681680458218017
214,0.03724134933021106,0.18257191925530863,0.6790170990008424,0.04225347972578955,0.05891615268784856
215,0.040532670170106595,0.9018808103095014,0.008844759856781216,0.033886941549193174,0.014854818114417544
216,0.03724134933021106,0.18257191925530863,0.6790170990008424,0.04225347972578955,0.05891615268784856
217,0.0068068993897549964,0.8489715083877059,0.10635422522232464,0.02081101546569772,0.01705635153451685
218,0.1399335715492161,0.08990489147145819,0.35648032647316336,0.3205403892757745,0.09314082123038789
219,0.02611875693629811,0.5517365141542551,0.2886340764292147,0.09674209537977145,0.0367685571004606
220,0.0071913235591324585,0.006452763613924166,0.7063940028131462,0.2669870598895025,0.012974850124294633
221,0.01490596932938779,0.003246965635725718,0.6109400919559125,0.06742682867891342,0.30348014440006066
222,0.08416003015472723,0.8195773011561177,0.030927583762260968,0.055441515871913045,0.00989356905498113
223,0.032714967327205594,0.779562816953787,0.06261875124927949,0.057331796569827134,0.06777166789990079
224,0.04491290074951543,0.48753438717054437,0.41229755926142114,0.03196163509988922,0.023293517718629714
225,0.7278924432063965,0.18866571594845272,0.02168561712951803,0.022627981451029316,0.03912824226460337
226,0.025504582031773186,0.802519461545933,0.01095188308761613,0.14642440412765387,0.014599669207023753
227,0.07735383381437048,0.7100108852466298,0.017514377870039687,0.03679236352216613,0.15832853954679385
228,0.21616187308380325,0.462326454264757,0.13841502222449825,0.06514317496559784,0.11795347546134366
229,0.11764552396279275,0.40857959109759756,0.2279946732824528,0.13349170900751883,0.11228850264963797
230,0.018438950700524676,0.34656819852310805,0.293964035788312,0.07689373241742789,0.26413508257062746
231,0.007021738727056424,0.6030655496092513,0.02470899417749765,0.2818747448707281,0.08332897261546651
232,0.21490377410853878,0.044836411217593894,0.5216057750827756,0.20611337472764615,0.01254066486344557
233,0.05426818925563135,0.01892163779292333,0.49038965232264314,0.4219638430094804,0.01445667761932182
234,0.0022500622939709215,0.03886833557234604,0.6751983079350787,0.03780608642755493,0.2458772077710493
235,0.0217991405572664,0.008761959094321462,0.0341573242992221,0.27957940054006264,0.6557021755091275
236,0.09024660582195825,0.3053354752613031,0.42066259065671985,0.0997852983368453,0.08397002992317343
237,0.030750084252320096,0.011241234742561232,0.769743649960096,0.17890197460876772,0.009363056436254883
238,0.007889281645880129,0.34737355358521593,0.6093369782189774,0.004840256907031113,0.03055992964289549
239,0.05148218010481509,0.169845487972517,0.03216365959661611,0.6767505770641673,0.06975809526188448
240,0.04733661081901689,0.02296184258339338,0.48334037463517077,0.26276623756809186,0.18359493439432714
241,0.09024660582195825,0.3053354752613031,0.42066259065671985,0.0997852983368453,0.08397002992317343
242,0.022993040474721633,0.19431171857106863,0.18639861634478597,0.5264007722729851,0.06989585233643873
243,0.09887804471495004,0.09870954306281705,0.0029090040037807762,0.1330190782459425,0.6664843299725095
244,0.008091776451394786,0.29482839418953394,0.6386948965829936,0.017830530396584228,0.040554402379493364
245,0.019786115219818916,0.9065344272804244,0.025016979065900433,0.012176626390926593,0.03648585204292939
246,0.01948200700804974,0.18920905751374706,0.7185668793636377,0.021045836333551577,0.05169621978101391
247,0.0015795262741739797,0.7081405394788273,0.10348309203802188,0.13107479598547767,0.05572204622349942
248,0.033798227888690094,0.8681237285597129,0.02494961071407714,0.019227410816390792,0.05390102202112912
249,0.3391707910786628,0.5727444748196091,0.015998958677134086,0.07037394599720756,0.0017118294273864147
250,0.09024660582195825,0.3053354752613031,0.42066259065671985,0.0997852983368453,0.08397002992317343
251,0.04132978192987133,0.6364448151302544,0.021312257484441013,0.2744220526963603,0.026491092759072944
252,0.032802061331865195,0.7268638249931865,0.14144459349125185,0.06454279605657584,0.03434672412712068
253,0.08729751503450234,0.15113351505201617,0.5833177821145716,0.09678251189555326,0.08146867590335648
254,0.016912065980139397,0.407531022041584,0.10260441421984276,0.4044717027980014,0.06848079496043245
255,0.02244447864415989,0.1240933846045375,0.769423165222732,0.023644530447336703,0.060394441081233805
256,0.06445452490299933,0.0693905236720352,0.7005675271632422,0.148900532056928,0.0166868922047953
257,0.057481690608635144,0.1610635827670082,0.6223162277255225,0.09299019357493422,0.06614830532389984
258,0.3634870940475148,0.020756145215942195,0.4569050736775356,0.09299161422537532,0.06586007283363214
259,0.016358327203161827,0.1053488124535919,0.8290781206585626,0.004990775737994341,0.0442239639466895
260,0.051738925964912766,0.5684039113495909,0.321621346472079,0.051767636039654855,0.006468180173762425
261,0.005022160293758221,0.9016874481556447,0.07382496305104277,0.014980153426107671,0.004485275073446538
262,0.023178149562568716,0.20495580253822707,0.694276080867611,0.019601524968576287,0.05798844206301698
263,0.016912065980139397,0.407531022041584,0.10260441421984276,0.4044717027980014,0.06848079496043245
264,0.09024660582195825,0.3053354752613031,0.42066259065671985,0.0997852983368453,0.08397002992317343
265,0.03385316589957831,0.27577324976307166,0.13623968115829857,0.4459543112618555,0.10817959191719594
266,0.07110705173568611,0.08101891756943415,0.0036298341164358464,0.8124206553089884,0.03182354126945537
267,0.09024660582195825,0.3053354752613031,0.42066259065671985,0.0997852983368453,0.08397002992317343
268,0.0021778966475180677,0.8716368435216213,7.010486798510132e-05,0.008070516482728161,0.11804463848014747
269,0.00026213434952959,0.6922505244241051,0.30432298620698783,8.004571087031466e-05,0.003084309308507105
270,0.0032154776406240083,0.00020354112529818885,0.4506787307313392,0.20186874696989904,0.3440335035328396
271,0.03610884187032291,0.6608582769522889,0.17391922650378558,0.06657129800730636,0.06254235666629605
272,0.08180484439980619,0.0380391303578531,0.7713225149091779,0.027298503442751334,0.0815350068904115
273,0.01746691578130521,0.6790046313579483,0.15119956202844734,0.12952237883226764,0.022806512000031642
274,0.02848985052586521,0.8931343664674168,0.0110357413344942,0.04035713885197203,0.02698290282025179
275,0.05873504332915222,0.3402360769880745,0.40519506736076283,0.1004128875021745,0.0954209248198361
276,0.020181321560166422,0.4299407941103608,0.013022597134529265,0.5153671127356929,0.02148817445925062
277,0.1119004702663054,0.195654958572231,0.20070144380902655,0.38316605726146646,0.10857707009097053
278,0.2370536628515702,0.3277407322191267,0.3887411524760617,0.03220574368173452,0.014258708771506761
279,0.00683970724208916,0.012028945448823176,0.695843889664068,0.22579998465627496,0.059487472988744655
280,0.08954403004025231,0.46651662118358117,0.26392199558395824,0.09682164718524255,0.08319570600696564
281,0.04980359800520347,0.022692000499710707,0.6934837662904517,0.230809547732081,0.003211087472553063
282,0.1984052883908658,0.1958329957121163,0.4213201816039876,0.14044687124347413,0.04399466304955609
283,0.07387094489627619,0.0044991706373431395,0.6668753983976315,0.23935062635191154,0.01540385971683751
284,0.2484381600514979,0.12520535837216376,0.010827767064800728,0.6077591260724599,0.007769588439077843
285,0.016362974702910343,0.780880708918888,0.12065429734803787,0.03233759045077902,0.04976442857938477
286,0.02162997636773596,0.3790779101708623,0.43676066136364655,0.011835295960479171,0.15069615613727608
287,0.051871213759085,0.2827189842508572,0.31526253357444534,0.31888489503500667,0.03126237338060587
288,0.0066462841240542145,0.14380954792968065,0.310205541201324,0.5265863734971467,0.012752253247794484
289,0.09024660582195825,0.3053354752613031,0.42066259065671985,0.0997852983368453,0.08397002992317343
290,0.01127399241204185,0.21886681220843604,0.4048420966962327,0.23648480328981344,0.12853229539347596
291,0.09024660582195825,0.3053354752613031,0.42066259065671985,0.0997852983368453,0.08397002992317343
292,0.07164431098219294,0.7934209286148806,0.00922608513941907,0.04778655323136446,0.07792212203214309
293,0.05482356081590359,0.6940452211633462,0.10161539541432803,0.05794917870880683,0.09156664389761526
294,0.004779706661044458,0.7239822196066418,0.21556750054941595,0.050060688768981516,0.005609884413916388
295,0.06816989593000054,0.11265858876739233,0.39310629651316054,0.34901764542248476,0.07704757336696177
296,0.04791509751038446,0.48638201637049183,0.003940441837509511,0.4265110925639228,0.035251351717691407
297,0.043041972675202336,0.0059773116545145735,0.627175093482472,0.3020710527893606,0.02173456939845052
298,0.07627696312943026,0.30384521677343884,0.15514279584618568,0.4408830481227191,0.023851976128226184
299,0.09243314737579512,0.6811996974665229,0.1861441262474544,0.025872150847641075,0.014350878062586562
300,0.0971362204056886,0.13569929996122548,0.5794994548652942,0.09277595626433047,0.09488906850346109
301,0.17269781757266875,0.2788747038466708,0.4680386786263759,0.0761939351821773,0.004194864772107368
302,0.10410707025668954,0.3568623530358723,0.3243131999094014,0.11660956992188282,0.09810780687615409
303,0.015353984074542762,0.8560804267659782,0.0026057156151403325,0.11218510343375535,0.013774770110583399
304,0.09024660582195825,0.3053354752613031,0.42066259065671985,0.0997852983368453,0.08397002992317343
305,0.23902852889384443,0.008463069585600336,0.5208762482191724,0.22230153961516314,0.009330613686219676
306,0.043487596992451354,0.48924814379903697,0.29620450968678763,0.09607441049022644,0.07498533903149762
307,0.02871027933114841,0.006068006898461841,0.3796471490563573,0.5221628073613422,0.06341175735269025
308,0.03224927078099965,0.5399653517939397,0.04343432193872132,0.3745442755253487,0.009806779960990678
309,0.037480743135323326,0.8209620673394241,0.07487932781862383,0.023676767133899483,0.043001094572729395
310,0.09017608497823879,0.13230416318762359,0.10144848119509464,0.5886167149483799,0.08745455569066325
311,0.008470606797617786,0.8614605045832985,0.012385297725545445,0.043261690592992307,0.07442190030054609
312,0.018325055974002948,0.09318231572196402,0.8187054381458944,0.020169622799829503,0.049617567358309196
313,0.05010862668189238,0.6723052131373403,0.26121504144160373,0.009832649885766171,0.006538468853397338
314,0.0988182640681639,0.535323543933665,0.028093479573755006,0.04223795560219855,0.2955267568222177
315,0.015191189633104485,0.3716343908450716,0.40566603515821126,0.16968392133264806,0.03782446303096448
316,0.024606398580759803,0.00653432464392599,0.9581323852400677,0.000617188465268326,0.010109703069977986
317,0.03493523900947115,0.8500792008788658,0.053790052199405435,0.022037758369427052,0.03915774954283063
318,0.07348737254423944,0.3855620793776069,0.5018296107411185,0.018386297754238425,0.02073463958279679
319,0.00993925463939911,0.07925712046047008,0.0064912507122253755,0.12755054410479996,0.7767618300831055
320,0.044059824136158734,0.47153764696502043,0.4154052460161408,0.03715255624399963,0.03184472663868029
321,0.04697911106320627,0.5789322178166507,0.07254339877231217,0.2559144551573726,0.04563081719045822
322,0.03143768221694028,0.8537707405047007,0.08475453209580652,0.004511401518204357,0.02552564366434787
323,0.0024525434804338023,0.6777974661482329,0.27676485012073865,0.0410009667578545,0.001984173492740397
324,0.05365923388513798,0.27291131892142556,0.0385206925138891,0.5759756898805994,0.05893306479894809
325,0.06321970997833724,0.14774441643373334,0.4278003576094184,0.2251955961831841,0.1360399197953269
326,0.01710747885123784,0.9326901422361907,0.014137152172761928,0.032324046386381686,0.0037411803534278237
327,0.09024660582195825,0.3053354752613031,0.42066259065671985,0.0997852983368453,0.08397002992317343
328,0.0029121612822583113,0.07477478849203203,0.8286569450740034,0.08763350482664577,0.006022600325060449
329,0.018560696117325456,0.8121833473046004,0.11906016610610627,0.013014455183625585,0.03718133528834231
330,0.052734189048210645,0.3722960336249525,0.553688580412522,0.010003830734624353,0.011277366179690369
331,0.0803046692820653,0.154055649649432,0.2619081695551267,0.4239714803716225,0.07976003114175353
332,0.1395400514492711,0.027470093524268904,0.7353955955830698,0.04472005298605802,0.052874206457332346
333,0.022836643306384068,0.6358719223557785,0.008638061219838778,0.31131095659948166,0.02134241651851706
334,0.09165729133981583,0.23801751347706201,0.5802433245193481,0.029671629016814662,0.060410241646959406
335,0.005362096903638937,0.9860077790016535,0.0022046449740360193,0.004573967589565672,0.0018515115311060612
336,0.07847204872172385,0.591967174354616,0.21485416994560563,0.036999215863918446,0.07770739111413606
337,0.03219788270537239,0.409187618929494,0.42470499469262246,0.10877788827388188,0.025131615398629167
338,0.3054388585312271,0.0016432469149919046,0.5850327465225161,0.10435891332606344,0.003526234705201571
339,0.0023381305717887083,0.5970558604084739,0.33519445129050496,0.008882353692757009,0.0565292040364754
340,0.09024660582195825,0.3053354752613031,0.42066259065671985,0.0997852983368453,0.08397002992317343
341,0.05795282712328256,0.22202510682823445,0.3234699649853092,0.32929459077277035,0.0672575102904033
342,0.017544159075320448,0.3582005228529123,0.578426805284809,0.023403362922561524,0.02242514986439653
343,0.030418531224925625,0.39614392149434025,0.006814138384850143,0.5252517327632298,0.041371676132654266
344,0.0858578340430609,0.5643282422386676,0.21575796002882947,0.09709935864007489,0.036956605049367125
345,0.06925432204358406,0.19122542911904716,0.48599440695086604,0.17406902823421272,0.07945681365229001
346,0.06297316549354641,0.13084485171997526,0.5897520758355895,0.07035414791546012,0.14607575903542855
347,0.024283828719603263,0.06751893268569306,0.8448201622002859,0.045666480527983666,0.017710595866433955
348,0.037697478065125335,0.5139719162647153,0.22245040190687645,0.14307268052502106,0.08280752323826188
349,0.08610815239211399,0.056247985765686945,0.6927009976349807,0.08066059197899074,0.08428227222822757
350,0.09024660582195825,0.3053354752613031,0.42066259065671985,0.0997852983368453,0.08397002992317343
351,0.045059309173690915,0.0029597449906907927,0.8461575001164369,0.0456967325519241,0.06012671316725737
352,0.09024660582195825,0.3053354752613031,0.42066259065671985,0.0997852983368453,0.08397002992317343
353,0.008320617449539713,0.5268956153851447,0.4030220346295642,0.055826045613422165,0.005935686922329222
354,0.015386103299026397,0.004807001868606948,0.853633322251031,0.11195232948926272,0.014221243092073
355,0.09024660582195825,0.3053354752613031,0.42066259065671985,0.0997852983368453,0.08397002992317343
356,0.09095710785267311,0.48189249284769964,0.2816052561971958,0.060283141536781944,0.08526200156564956
357,0.06610621171277765,0.7892737560595975,0.07045083877330119,0.022465452763026392,0.05170374069129714
358,0.02847746358672238,0.08594406901228357,0.754422123901771,0.11300713239229403,0.018149211106929075
359,0.09024660582195825,0.3053354752613031,0.42066259065671985,0.0997852983368453,0.08397002992317343
360,0.03532203838835297,0.871339246846348,0.03062622374825766,0.022587083407549106,0.040125407609492264
361,0.07847204872172385,0.591967174354616,0.21485416994560563,0.036999215863918446,0.07770739111413606
362,0.005127690578915156,0.3301293330715178,0.6376769944498019,0.01554036986268371,0.011525612037081537
363,0.04305750574402717,0.5040337296719947,0.43105504706435327,0.0133701833704323,0.008483534149192399
364,0.028487601431522045,0.36772269300931054,0.4158013824123818,0.09218203707094275,0.09580628607584275
365,0.10410707025668954,0.3568623530358723,0.3243131999094014,0.11660956992188282,0.09810780687615409
366,0.16237989861603563,0.440161757131234,0.2706708832627957,0.07842230371315544,0.048365157276779105
367,0.05065766401937649,0.27517395064355965,0.577262575451183,0.021626765161193995,0.07527904472468686
368,0.048671800614071246,0.010746867277850935,0.8877525715198634,0.005220972794894222,0.04760778779332011
369,0.007049009123536362,0.660138286523665,0.2827739451132414,0.0016454854175546052,0.04839327382200239
370,0.03590522452797875,0.5449028802687281,0.039242537152780047,0.3695113120905324,0.010438045959980751
371,0.008752567118576296,0.8136702335610134,0.00011814080478086676,0.11688279108720931,0.060576267428420184
372,0.09024660582195825,0.3053354752613031,0.42066259065671985,0.0997852983368453,0.08397002992317343
373,0.13006471953052273,0.40670860568201433,0.4199084314569805,0.0302558004060898,0.013062442924392613
374,0.030604938280597228,0.9153140422391564,0.005817273337654513,0.02775677754084007,0.020506968601751753
375,0.07885647034801195,0.8821858626821107,0.015597875388799753,0.021828798651797418,0.001530992929280105
376,0.0029652920298969777,0.5384713734697406,0.382386895321468,0.07327896838926491,0.0028974707896296022
377,0.02358102729810546,0.06231342824167919,0.640050005933606,0.1246724670479868,0.14938307147862265
378,0.010676303265127918,0.5815954721937864,0.07833201205566394,0.21398083034737383,0.11541538213804792
379,0.2339318541130254,0.5276914158892606,0.09913793024770602,0.054164245449024886,0.08507455430098318
380,0.025561665177854465,0.2674404677037172,0.6207019862273767,0.06666195531123185,0.01963392557981999
381,0.011993069553484696,0.07291645281000139,0.816768951455089,0.061660386775431245,0.03666113940599375
382,0.06681237572849508,0.16057988406912171,0.40273186476497536,0.29735865837839387,0.0725172170590139
383,0.04528714710121011,0.6014235761653177,0.028183406697580515,0.31663746887640853,0.008468401159483096
384,0.060553044301245765,0.23469075663780675,0.49183553737471364,0.15348429801069105,0.059436363675542773
385,0.026170214289519298,0.7492120761026884,0.1875169615347234,0.004425229227193882,0.03267551884587511
